objID	ra	dec	z	zErr
587732134303629589	154.07192825	47.14023407	0.149886	0.025953
587732134303629878	154.00250266	47.16100134	9.742E-3	0.033924
587732134303629481	154.10334976	47.06649988	0.160508	0.012791
587732134303629960	154.10465593	47.09667396	0.071427	0.040084
587732134303629332	153.96117762	47.08781465	0.201318	0.093123
587732134303629565	154.05971089	47.06870817	0.210679	0.024982
587732134303630074	154.03841017	47.07128854	0.143646	0.204721
587732134303629812	153.98740349	47.12672071	0.28662	0.077449
587732134303630073	153.99606852	47.13182534	0.287065	0.022483
587732134303629845	154.02692412	47.08807912	0.081378	0.038104
587732134303630080	154.00534916	47.13394589	0.412876	0.033159
587732134303629509	154.12606396	47.10422026	0.077101	0.025783
588013381661425948	154.12839589	47.06261865	0.075097	0.022809
587732134303629374	154.05667732	47.08743955	-9999	-9999
587732134303629840	153.98403611	47.14963991	0.121292	0.043674
587732134303630138	154.08449607	47.15312263	0.390048	0.213018
587732134303629476	154.03582285	47.15736536	0.121478	0.028375
587732134303695706	154.10961939	47.14351079	0.114723	0.1586
587732134303629474	154.03866171	47.15051651	0.164109	0.014568
587732134303629458	154.0182408	47.1412329	0.035985	0.084086
587732134303629811	153.99987249	47.10808727	0.222157	0.046249
587732134303629944	154.07265809	47.13625239	0.090603	0.026882
587732134303629846	154.02692412	47.08807912	0.087871	0.039403
587732134303630048	153.98177289	47.08091618	0.730772	0.037135
587732134303630145	154.10369638	47.12821113	0.217686	0.108487
587732134303629685	154.12837901	47.06261363	0.096043	0.024958
587732134303629370	154.05665651	47.07988443	0.285522	0.131168
587732134303630139	154.08449604	47.15312258	0.355865	0.20145
587732134303629475	154.03582285	47.15736535	0.120213	0.027015
587732134303630157	154.10961564	47.14347725	0.152396	0.12891
587732134303629472	154.0386617	47.15051649	0.163026	0.012709
587732134303629380	154.04146316	47.08359626	0.317522	0.172998
587732134303629819	153.97622394	47.15188624	0.081682	0.033527
587732134303629588	154.07192826	47.14023409	0.143788	0.022227
587732134303629482	154.10337235	47.06481557	0.084177	0.022873
587732134303630211	153.96125277	47.15073143	0.225999	0.165258
587732134303629567	154.05987095	47.07074731	0.134777	0.034621
587732134303630312	154.03554334	47.10828673	0.32023	0.199356
587732134303630241	154.08633927	47.08951751	0.159862	0.182184
587732134303630227	154.03863938	47.0909965	0.180434	0.22919
587732134303630044	153.9875359	47.06259277	0.354794	0.131105
587732134303629560	154.01857107	47.09954791	0.177836	0.02342
587732134303629926	154.05140855	47.14578933	0.132269	0.063862
587732134303629379	154.0573562	47.08865682	0.224109	0.128749
587732134303629466	154.08295412	47.07224501	0.134601	0.016415
587732134303629490	154.08712726	47.10587258	0.083528	0.026247
587732134303629492	154.11021781	47.06976622	0.089705	0.02337
587732134303629553	154.01234529	47.06423419	0.164151	0.010552
587732134303630260	154.11364517	47.12838452	0.753438	0.066828
587732134303629874	154.0429159	47.09406695	0.347528	0.078062
587732134303629362	154.05024756	47.09524468	0.142618	0.085854
587732134303629813	154.0255442	47.07075221	0.184704	0.134707
587732134303630043	153.97483334	47.07671201	0.157807	0.02952
587732134303629367	154.05171848	47.0961876	0.102106	0.035718
587732134303629462	154.02900873	47.13682695	0.160121	0.01122
587732134303629508	154.12606396	47.10422027	0.081319	0.027784
587732134303629576	154.05667732	47.10770445	0.173348	0.02625
587732134303629563	154.00684685	47.13574701	0.077247	0.022887
587732134303629363	154.05835843	47.07754247	0.467844	0.127219
587732134303629494	154.10977501	47.07648127	0.080478	0.018928
587732134303629446	153.98819012	47.151923	0.242973	0.100703
587732134303630198	153.97687273	47.07192763	0.346154	0.186293
587732134303629950	154.09918481	47.1017242	0.215892	0.023677
587732134303630135	154.07744669	47.14460261	0.232265	0.108496
587732134303629614	154.07604515	47.1049661	0.156834	0.01706
587732134303694855	154.10625437	47.1475918	0.087341	0.16605
587732134303630247	154.05796402	47.1614307	0.371934	0.194252
587732134303629963	154.08341338	47.13441066	0.057773	0.020491
587732134303630245	154.11070472	47.06242986	0.585806	0.03565
587732134303630259	154.11374958	47.12834608	0.758881	0.102438
587732134303630219	154.00068573	47.12028155	0.445877	0.167855
587732134303629959	154.06819323	47.15265219	0.079098	0.024903
587732134303629453	154.02056224	47.14645449	0.177254	0.010695
587732134303629867	153.99816361	47.15711309	0.193637	0.096048
587732134303629493	154.09916734	47.08785004	0.149954	0.029166
587732134303630137	154.12910956	47.07797748	0.043205	0.123798
587732134303629464	154.03085872	47.13439764	0.144539	0.062554
587732134303630129	154.08305894	47.1200637	0.14349	0.051621
587732134303629620	154.11041533	47.09227668	0.242266	0.013786
587732134303629578	154.08788629	47.06375704	0.150362	0.029531
587732134303695582	154.1137355	47.1283636	0.801099	0.064717
587732134303629439	153.97389575	47.12379569	0.143483	0.01544
587732134303630311	154.00062921	47.14108789	0.452463	0.172195
587732134303629687	154.12133388	47.0902205	0.027037	0.013947
587732134303629847	154.02590062	47.08943144	0.532176	0.022665
587732134303629809	153.99751985	47.1061207	0.070366	0.027777
587732134303629609	154.05138909	47.07168537	0.469048	0.015502
587732134303629927	154.05864439	47.13580872	0.166202	0.132388
587732134303694854	154.11001338	47.14794561	0.15304	0.030574
587732134303630140	154.08696999	47.15268212	0.4037	0.231877
587732134303629552	154.01234529	47.06423418	0.163345	0.0106
587732134303630127	154.09031153	47.10743719	0.342823	0.115501
587732134303629375	154.04917798	47.08825414	0.249423	0.234584
587732134303629814	154.0255442	47.07075221	0.19425	0.053221
587732134303629802	153.97416214	47.13086223	0.131669	0.039217
587732134303629361	154.04476	47.08986643	0.560079	0.05149
587732134303695365	154.09952535	47.14809624	0.118013	0.144754
587732134303630152	154.10006693	47.14830051	0.362255	0.19938
587732134303629798	153.96304987	47.14036621	0.076794	0.036789
587732134303629774	153.96743461	47.08809782	0.340378	0.018336
587732134303630299	154.1077288	47.13969754	0.129972	0.121091
587732134303629360	154.06144384	47.08752361	0.07867	0.062131
587732134303629987	154.09182121	47.16144014	0.37212	0.045273
587732134303629457	154.02302734	47.13954386	0.293639	0.131502
587732134303629364	154.04856445	47.09691221	0.348182	0.065196
587732134303629573	154.04624557	47.10747386	0.149978	0.01549
587732134303629872	154.04483955	47.0932581	0.118002	0.035201
587732134303695363	154.09956251	47.14813027	0.30508	0.137331
587732134303694942	154.12602668	47.1042278	0.077542	0.024891
587732134303630060	153.95985011	47.14525172	0.419149	0.084943
587732134303629561	154.00764586	47.13750301	0.136163	0.018218
587732134303629444	153.98587191	47.15197575	0.165683	0.010622
587732134303629661	153.98979716	47.10922844	0.153644	0.034382
587732134303629824	153.99074157	47.13371127	0.156224	0.11262
587732134303629906	154.06163205	47.10837796	0.123089	0.034959
587732134303629844	154.04358245	47.06257057	0.282802	0.064778
587732134303629371	154.04561939	47.08585151	0.027726	0.181268
587732134303629918	154.09206649	47.07598556	0.109685	0.029365
587732134303630237	154.07032533	47.1005813	0.227011	0.199615
587732134303629378	154.04681544	47.08856042	0.301771	0.181245
587732134303629460	154.02240434	47.14942493	0.183483	0.034675
587732134303695142	154.09928425	47.15927008	0.224517	0.025915
587732134303630238	154.08090638	47.08709604	0.701576	0.061559
587732134303629558	153.96709712	47.15450538	0.191699	0.014181
587732134303629488	154.08370687	47.10512949	0.103367	0.023312
587732134303629780	153.96960333	47.09635034	0.184032	0.0333
587732134303629936	154.06086501	47.14428805	0.109951	0.03726
587732134303629894	154.01971958	47.15411745	0.078464	0.026029
587732134303695139	154.09178587	47.16144647	0.406601	0.041015
587732134303629851	154.02287321	47.09934814	0.017304	0.078609
587732134303630224	154.026551	47.10060118	0.608152	0.163778
587732134303629452	154.02056224	47.14645449	0.179926	0.010845
587732134303630151	154.09957648	47.14811535	0.325808	0.126111
587732134303694941	154.12602669	47.1042278	0.074958	0.026378
587732134303629562	154.00764587	47.13750301	0.136586	0.014175
587732134303630081	153.99003454	47.15916683	0.230197	0.118859
587732134303629823	153.9907416	47.13371133	0.250018	0.112008
587732134303629852	153.99266251	47.14768216	0.204349	0.030158
587732134303629842	153.99349479	47.1367538	0.387441	0.033689
587732134303629919	154.04721833	47.14481134	0.147962	0.029397
587732134303629564	154.00565231	47.13801606	0.070716	0.192447
587732134303630125	154.10507589	47.07606181	0.291633	0.188044
587732134303629554	154.01300759	47.06558101	0.097539	0.023977
587732134303629775	153.96574423	47.08701494	0.155896	0.207231
587732134303629881	154.03988814	47.10770349	0.131893	0.058839
587732134303629491	154.08552746	47.10713427	0.167522	0.037025
587732134303629958	154.11425413	47.08035052	0.060982	0.042669
587732134303629821	154.01696945	47.09297219	0.140786	0.030488
587732134303629469	154.0922097	47.07013838	0.162713	0.020626
587732134303629471	154.09354253	47.07135027	0.618993	0.062052
587732134303629980	154.12035577	47.09977012	0.308482	0.020373
587732134303629897	154.03200728	47.14317429	0.508378	0.120739
587732134303629345	154.02947377	47.06219485	0.228155	0.127293
587732134303629477	154.0324383	47.15942259	0.043656	0.019899
587732134303630046	153.9645954	47.10621441	0.11064	0.096472
587732134303629510	154.12942813	47.10459156	0.161942	0.043829
587732134303630221	154.0132482	47.11920599	0.735758	0.052016
587732134303630146	154.11316568	47.11637215	0.275826	0.112965
587732134303630220	154.01394634	47.11323194	0.218055	0.090116
587732134303630252	154.1373293	47.06744103	0.309822	0.104998
587732134303629584	154.09144092	47.09436792	0.102918	0.032397
587732134303629468	154.09232834	47.06729853	0.168427	0.011475
587732134303629583	154.09311404	47.09266899	0.145925	0.016734
587732134303629591	154.09409594	47.11652427	0.116515	0.026493
587732134303630126	154.09992878	47.08433632	0.515614	0.034211
587732134303629478	154.03166664	47.16061801	0.147711	0.0334
587732134303629816	154.00586498	47.10274185	0.265653	0.115654
587732134303694943	154.12939016	47.10459937	0.15197	0.038988
587732134303629882	154.01306057	47.14919425	0.25453	0.101656
587732134303629976	154.08904074	47.1406127	0.025259	8.347E-3
587732134303630307	153.99118284	47.10503397	0.074531	0.211878
587732134303695367	154.10844534	47.14069188	0.215404	0.111157
587732134303630239	154.03998784	47.15597064	0.437272	0.178151
587732134303695588	154.11446195	47.15587851	0.412935	0.178135
587732134303630298	154.09090909	47.12515485	0.230736	0.152271
587732134303629582	154.09311403	47.09266901	0.136142	0.017268
587732134303629467	154.09232478	47.067299	0.176976	9.52E-3
587732134303629470	154.09385404	47.07289659	0.10387	0.026886
587732134303629979	154.12035599	47.0997703	0.289152	0.02552
587732134303629373	154.04447212	47.08384653	0.128871	0.132481
587732134303629991	154.09932644	47.15926443	0.238833	0.031683
587732134303695364	154.10000412	47.14839517	0.435627	0.166281
587732134303629796	153.96304974	47.14036652	0.091851	0.039835
587732134303630294	153.96733202	47.14764875	0.239829	0.111451
587732134303629977	154.08095517	47.15278843	0.190649	0.056945
587732134303629489	154.08370688	47.1051295	0.107694	0.024324
587732134303629792	153.99244668	47.08737543	0.034173	0.02118
587732134303629368	154.06111421	47.08239617	0.10522	0.103997
587732134303629898	154.02004865	47.16190128	0.111547	0.071686
587732134303630103	154.02302646	47.15581937	0.172521	0.177879
587732134303629397	154.09178665	47.11215819	0.271857	0.046805
587732134303629454	154.02115922	47.14272856	0.299927	0.121132
587732134303695382	154.11883901	47.1618293	0.253313	0.155992
587732134303629868	154.00151698	47.15626917	0.158578	0.094869
587732134303629907	154.05363188	47.12580804	0.14538	0.074812
587732134303629372	154.05549851	47.08968101	0.228061	0.123023
587732134303629783	153.96072238	47.11722375	0.509013	0.156243
587732134303629969	154.12951745	47.07131229	0.207101	0.041671
587732134303629903	154.03665405	47.14214994	0.147157	0.063705
587732134303629662	154.0142246	47.07391051	0.239091	0.052562
587732134303695585	154.1365324	47.10886464	0.485353	0.152813
587732134303630136	154.11529929	47.08959586	0.283024	0.050886
587732134303630261	154.11583195	47.12712241	0.339052	0.026477
587732134303629948	154.11801357	47.06984991	0.181411	0.025433
587732134303629869	154.00153686	47.15630234	0.205617	0.128438
587732134303695062	154.10246071	47.1454139	0.136878	0.209518
587732134303630082	154.05424216	47.06731791	0.541395	0.204663
587732134303629784	153.96072238	47.11722376	0.344195	0.134171
587732134303629967	154.13013784	47.06937436	0.10358	0.042554
587732134303629910	154.03679002	47.15443888	0.17922	0.139173
587732134303630066	154.01104971	47.08638247	0.476371	0.150052
587732134303630205	153.99212389	47.08302373	0.171222	0.155637
587732134303629863	154.01432727	47.13208002	0.073733	0.042078
587732134303629939	154.0642564	47.14271305	0.175285	0.037607
587732134303695394	154.13738651	47.16104629	0.539501	0.02
587732134303629956	154.11531342	47.07689694	0.080645	0.032744
587732134303695141	154.14089536	47.0908005	0.500108	0.132093
587732134303629989	154.14148988	47.08875098	0.044909	0.04062
587732134303629698	154.11906663	47.1131314	0.236281	0.04444
587732134303629972	154.07874837	47.14901486	0.153381	0.052219
587732134303629700	154.10249617	47.14540881	0.11649	0.057955
587732134303629968	154.13013784	47.06937437	0.094612	0.042937
587732134303629677	154.03722894	47.11944739	0.244148	0.041484
587732134303695387	154.13686287	47.1432957	0.20341	0.055262
587732134303629990	154.14093851	47.09079278	0.492928	0.133103
587732134303695371	154.11852888	47.13191414	0.185705	0.036496
587732134303630216	154.00197488	47.10224153	0.231076	0.106995
587732134303629946	154.11949949	47.06719682	0.172473	0.026234
587732134303629971	154.07874837	47.14901486	0.159353	0.058705
587732134303629975	154.10288162	47.11722509	0.148774	0.116076
587732134303629359	154.05942523	47.08453372	0.14879	0.0447
587732134303695392	154.13710175	47.1583087	0.091861	0.041916
587732134303630308	153.97214989	47.14923841	0.267897	0.091864
587732134303630318	154.08881857	47.15581897	0.316758	0.168056
587732134303630159	154.1185871	47.13190274	0.100914	0.041758
587732134303629873	154.04478634	47.09329492	0.107343	0.033356
587732134303630153	154.09952652	47.14809326	0.198697	0.11183
587732134303630150	154.12527903	47.10751755	0.103839	0.034394
587732134303630209	153.9598312	47.14904661	0.711999	0.049126
587732134303629445	153.98587191	47.15197575	0.165496	0.012166
587732134303629773	153.96743461	47.08809782	0.336567	0.021745
587732134303630142	154.10773188	47.12089991	0.181261	0.137365
587732134303629815	153.99050587	47.12470051	0.377879	0.02822
587732134303629365	154.06147223	47.08992542	0.3619	0.092022
587732134303629581	154.04352942	47.13696346	0.096624	0.042729
587732134303630249	154.09193461	47.1188194	0.756703	0.14563
587732134303629459	154.02336581	47.14104441	0.264025	0.151919
587732134303630113	154.07031437	47.10543103	0.109546	0.055585
587732134303629377	154.04632775	47.08422386	0.091331	0.180814
587732134303629613	154.05061098	47.10376221	0.123907	0.040531
587732134303629369	154.05188842	47.0894497	0.137186	0.115498
587732134303629461	154.02900873	47.13682695	0.159862	0.011094
587732134303629964	154.12621047	47.07117045	0.167124	0.029487
587732134303629973	154.12859454	47.07451845	0.081252	0.070933
587732134303630116	154.05675099	47.13856207	0.147436	0.077838
587732134303629463	154.03029697	47.1401892	0.108092	0.129417
587732134303629928	154.05864439	47.13580872	0.166781	0.126481
587732134303630246	154.10986621	47.0730833	0.496545	0.124987
587732134303629487	154.08690816	47.09899588	0.189047	0.021858
587732134303629826	154.01205925	47.10226247	0.085325	0.04383
587732134303630130	154.06591546	47.14650362	0.21858	0.133137
587732134303630063	153.97706156	47.12712529	0.111824	0.14358
587732134303629822	154.02433681	47.08296608	0.051087	0.038757
587732134303629804	153.97416208	47.13086221	0.13921	0.034422
587732134303630078	154.04784172	47.06648866	0.086272	0.032928
587732134303630098	154.07896478	47.06634748	0.155673	0.09753
587732134303695162	154.12779002	47.14629768	0.07612	0.034542
587732134303629930	154.07996366	47.10699296	0.260878	0.100288
587732134303629341	154.03340052	47.06398033	0.039763	0.033423
587732134303629566	154.05971089	47.06870817	0.209663	0.02457
587732134303629797	153.96104456	47.14027456	0.104872	0.094761
587732134303630121	154.06201534	47.13104109	0.135359	0.05751
587732134303629782	153.96483426	47.11087313	0.118269	0.047037
587732134303629350	153.99595661	47.11989414	0.054011	0.037668
587732134303695149	154.14261484	47.10621717	0.063911	0.035773