specObjID	ra	dec	z	zErr
245953888996294656	153.1173	47.62363	0.162356	1.33051E-4
245670976484802560	153.1175	47.569511	0.162939	1.83449E-4
245670974278598656	153.12111	46.884929	0.165449	1.07673E-4
245670974035329024	153.13481	46.695356	0.038186	9.47037E-5
245953888987906048	153.13752	47.575163	0.16243	1.59161E-4
245670974043717632	153.14316	46.647519	0.06517	7.71897E-5
245670974060494848	153.14472	46.623025	0.063256	8.53037E-5
245953889059209216	153.1595	48.059188	0.502253	2.32808E-4
265938354778931200	153.16353	46.521666	0.15635	1.33166E-4
265938355030589440	153.16668	46.286634	0.156243	1.30552E-4
265938355055755264	153.17407	46.258517	2.17679	1.67957E-3
245670976434470912	153.17933	47.816034	0.373799	1.69967E-4
265938355097698304	153.19495	46.20194	0.045649	7.46072E-5
245670976585465856	153.19609	48.041001	0.345393	1.72787E-4
265938355051560960	153.20192	46.471793	0.110795	1.36512E-4
245670976426082304	153.20602	47.542946	-1.72142E-4	8.36491E-5
245670974307958784	153.2136	47.294961	0.039552	7.53148E-5
245670974249238528	153.2142	46.912821	0.024208	9.97123E-5
245953889071792128	153.21911	47.785739	2.6037	8.99099E-4
265655858627608576	153.22034	46.337445	1.46371	1.3604E-3
245670974303764480	153.22056	47.270228	0.039011	1.01826E-4
245670974270210048	153.23104	47.070247	0.064847	1.66354E-4
265655858615025664	153.23195	46.417737	0.038219	1.81008E-4
265938355064143872	153.23873	46.164934	0.362184	2.43244E-4
245670974266015744	153.24067	46.913	0.0238	9.12846E-5
265655858673745920	153.24335	46.121691	0.373937	1.44536E-4
265938355034783744	153.25725	46.448196	0.103703	1.67426E-4
245670974295375872	153.25764	47.152561	-1.04866E-4	1.18207E-4
245670976581271552	153.2584	47.96962	1.33893	1.53276E-3
265938355022200832	153.26794	46.405315	0.231743	1.56654E-4
265655858602442752	153.27828	46.403609	0.123173	1.5412E-4
265655858619219968	153.28608	46.173118	0.149591	1.45379E-4
245670976447053824	153.29845	47.904129	0.145111	4.14146E-5
245670974312153088	153.3	47.135964	0.168804	1.60688E-4
245953889105346560	153.30996	47.891591	0.146302	1.12832E-4
245670974257627136	153.3317	46.800347	-1.07736E-3	2.10773E-4
245670976639991808	153.33565	47.318155	0.812016	1.42771E-3
245670976551911424	153.33697	47.953019	0.115617	1.45549E-4
245953889067597824	153.33837	47.957342	0.257045	1.52992E-4
265938354837651456	153.34543	46.664019	0.084221	6.31284E-4
245670976610631680	153.34586	47.82598	0.257999	1.5087E-4
245953889075986432	153.35127	47.766147	0.064691	1.62681E-4
245670974320541696	153.35837	47.288289	0.1775	1.27329E-4
245670974282792960	153.36065	47.21985	0.135702	1.19608E-4
245953888966934528	153.36554	47.516232	0.025373	9.68283E-5
265655858669551616	153.38179	46.224361	0.161936	1.55262E-4
245953888958545920	153.38478	47.449925	0.162664	1.57923E-4
245670976631603200	153.38681	47.56095	-1.22078E-5	2.09965E-4
245670974291181568	153.39189	47.089335	0.039383	1.9022E-4
245953889025654784	153.39333	47.524957	0.124747	1.03182E-4
245670976564494336	153.40554	48.035167	0.329975	1.61584E-4
245670976648380416	153.4073	47.721192	0.064654	7.62093E-5
245670974245044224	153.41766	46.8479	-8.72395E-5	5.94311E-5
265938354770542592	153.41799	46.99646	0.218391	1.46221E-4
245953889055014912	153.41808	47.812042	0.22776	1.63124E-4
245670974316347392	153.42564	46.998826	0.02573	2.80857E-4
245670974253432832	153.43008	46.806296	-1.02582E-4	9.38797E-5
245670976589660160	153.43868	47.846284	-1.41121E-4	5.65984E-5
245670974299570176	153.44271	46.860887	0.063735	7.54846E-5
265655858623414272	153.44936	46.368102	1.2201E-4	8.18686E-5
245670974073077760	153.45034	46.899874	0.20586	2.006E-4
265938355038978048	153.45533	46.420037	0.166444	1.48962E-4
265655858635997184	153.47654	46.33588	1.67319	2.24926E-3
245670974106632192	153.48375	47.204912	-5.387E-5	1.39301E-4
245670976669351936	153.48803	47.430989	0.191602	1.92831E-4
265938354829262848	153.49745	46.525268	0.198502	1.64667E-4
245670974077272064	153.50238	46.842811	0.29808	1.60062E-4
245670976644186112	153.50547	47.678896	0.162447	1.51057E-4
265655858782797824	153.50779	46.331598	0.32109	1.80178E-3
245670974098243584	153.50905	46.885349	0.024684	9.21613E-5
265938355093504000	153.51249	46.331761	0.434855	1.72722E-4
245953889038237696	153.522	47.842572	0.169079	1.66925E-4
245953889034043392	153.53677	47.530726	1.89825	2.13324E-3
245953889000488960	153.54274	47.552293	0.338523	1.7137E-4
265938355026395136	153.54504	46.503582	0.220458	1.00619E-4
245670976602243072	153.54555	47.672776	1.25366E-4	7.36899E-5
245670976665157632	153.55214	47.597902	0.165089	1.61578E-4
245670976614825984	153.55384	47.734278	0.169293	1.55449E-4
245953889017266176	153.55418	47.656974	0.190989	1.43824E-4
245953889092763648	153.56591	48.027468	0.315702	1.61517E-4
265655858766020608	153.56681	46.233374	0.336593	2.03051E-4
245670976660963328	153.57239	47.61479	0.170344	1.61605E-4
245670976556105728	153.5811	47.992518	0.232673	1.54841E-4
265938354833457152	153.59243	46.690885	0.110667	9.29498E-5
245670974089854976	153.59479	46.793702	3.92623E-4	1.87998E-4
245670974115020800	153.60166	47.179057	9.43016E-5	1.56716E-4
245670974152769536	153.61518	47.057069	0.165029	1.41234E-4
265938354846040064	153.62037	46.518047	0.19854	1.41438E-4
245670976505774080	153.62299	47.987595	0.063985	9.0022E-5
245953889008877568	153.6298	47.646869	-1.83492E-4	7.78565E-5
245670976635797504	153.63703	47.402077	0.385706	1.63439E-4
245670974094049280	153.64864	47.054558	0.165171	1.46912E-4
265938354808291328	153.64914	46.772997	0.383497	2.67299E-3
245670974144380928	153.65436	47.273931	0.16298	1.73498E-4
245953889084375040	153.66009	48.006895	0.19566	1.71263E-4
245953888954351616	153.66982	47.243265	0.160182	1.33446E-4
265938355257081856	153.67149	46.27783	0.087346	1.35209E-4
265938354791514112	153.68251	46.727664	0.385056	1.92068E-4
245953889021460480	153.68374	47.402585	0.178629	1.72561E-4
245670974123409408	153.6881	47.255883	0.163536	1.5984E-4
265938355215138816	153.68851	46.200596	0.510416	2.30908E-4
245670974110826496	153.69043	47.017371	0.353643	1.3818E-4
245670976593854464	153.69212	47.604832	0.178118	1.6975E-4
245670974127603712	153.69281	47.153769	0.165723	1.60532E-4
245670974131798016	153.69514	46.849556	0.334156	2.59966E-4
245670974148575232	153.70238	46.951962	0.167514	1.7135E-4
265938355248693248	153.70683	46.136663	0.20881	1.97662E-4
245670974085660672	153.71698	47.164878	0.162158	1.59285E-4
245953888971128832	153.72296	47.256473	0.167306	9.3045E-4
245670974140186624	153.73038	47.247427	0.16388	1.7795E-4
265655858778603520	153.73217	46.200314	0.107446	1.5315E-4
265938354804097024	153.75259	46.756753	0.024681	1.66714E-4
245670976623214592	153.75572	47.739612	0.254675	1.59353E-4
245670976598048768	153.75582	47.594133	0.125715	1.5893E-4
245953889080180736	153.75856	47.960477	0.122706	1.45087E-4
265938354799902720	153.76231	46.809809	-2.27376E-4	1.94364E-4
245670974119215104	153.77252	47.17124	0.162883	1.71869E-4
265938355189972992	153.78325	46.374252	-5.40479E-5	3.4831E-5
245670974081466368	153.79104	46.998699	0.024805	1.62E-4
265938355219333120	153.79748	46.329895	0.136956	1.72934E-4
245953888975323136	153.79789	47.229486	0.164214	1.47109E-4
245953889004683264	153.80321	47.4539	0.107639	1.52729E-4
265938355265470464	153.8099	46.489608	-8.70802E-6	9.88671E-5
265938355223527424	153.81602	46.423023	0.025456	2.33451E-4
245670976627408896	153.81749	47.556477	1.28524	1.34435E-3
245953888979517440	153.83043	47.236855	0.164664	1.47212E-4
245953888992100352	153.83044	46.942533	0.167903	1.02324E-4
245670974135992320	153.84623	47.284878	3.83508E-6	1.13961E-4
245953888853688320	153.85583	47.229823	0.162495	1.5739E-4
265938355236110336	153.85845	46.373856	0.384366	1.7795E-4
265938355194167296	153.86145	46.154428	-1.21931E-4	1.16071E-4
265938354850234368	153.87123	46.725107	0.384239	1.92562E-4
245953888786579456	153.88703	47.170319	0.169763	1.56272E-4
265938355198361600	153.8909	46.321322	0.14899	1.29776E-4
245953888841105408	153.90064	47.130882	0.193408	1.33252E-4
245953888832716800	153.91658	47.564372	0.179291	1.67826E-4
245953888857882624	153.91824	47.089553	0.169736	1.41112E-4
245953888790773760	153.9197	47.195453	0.166873	1.37234E-4
245953888794968064	153.94043	47.330279	0.079057	1.51937E-4
265938355227721728	153.95211	46.375141	0.14939	1.51891E-4
245953888836911104	153.9533	47.380513	0.402164	2.11291E-4
265938354787319808	153.95635	46.799204	0.148585	1.3919E-4
265938355269664768	153.95963	46.113708	0.192669	1.41373E-4
265938354795708416	153.9604	47.070314	-6.85507E-5	1.21155E-4
245953888899825664	153.9683	47.801165	0.196283	1.11322E-4
265938354820874240	153.9718	46.625139	0.025618	1.94283E-4
265938354816679936	153.97686	46.672914	0.140099	9.48133E-5
245953888845299712	153.98781	47.382249	0.19464	1.50099E-4
245953888866271232	153.98981	47.670133	0.209857	1.57212E-4
245953888824328192	153.99007	46.932414	0.384429	2.04025E-4
265938355206750208	153.99378	46.392305	0.165854	1.45486E-4
265938354841845760	153.99629	46.807334	0.11002	8.74252E-5
245953888799162368	154.00441	47.268249	0.402288	2.181E-4
265938354959286272	154.01116	47.100173	-7.67389E-5	7.6541E-5
245953888828522496	154.0205	47.146439	0.169935	1.60972E-4
245953888874659840	154.0225	47.765448	0.010801	6.81651E-6
265938354955091968	154.02895	47.136811	0.16583	1.56674E-4
245953888820133888	154.03362	46.917738	0.10562	1.27189E-4
265938355420659712	154.0389	46.233255	0.69923	2.36502E-4
245953888815939584	154.04031	46.900617	0.105759	1.70035E-4
245953888803356672	154.04601	47.456187	0.125785	1.6316E-4
265938355366133760	154.0525	46.475755	0.024098	7.61017E-5
245953888807550976	154.07185	47.140217	0.171645	1.47487E-4
245953888849494016	154.07441	47.409276	1.63066	1.53494E-3
265938354984452096	154.08273	46.849328	0.079405	3.56839E-5
245953888862076928	154.08576	47.707608	1.98347	2.67769E-3
265938354967674880	154.08869	47.121486	-1.14185E-6	5.17073E-5
245953888891437056	154.09148	47.818952	1.35217	2.96482E-3
245953888639778816	154.09419	47.112045	0.821589	1.23831E-3
245953888677527552	154.10082	47.764497	0.059124	8.35712E-5
245953888643973120	154.10499	47.066302	1.51952E-5	4.62932E-5
245953888635584512	154.10999	47.147923	0.166036	1.38669E-4
265938354971869184	154.11014	47.069747	0.125519	2.03124E-4
265938354992840704	154.11668	46.514344	0.141114	1.0929E-3
245953888669138944	154.11755	47.690493	0.1162	1.48403E-4
245953888652361728	154.11938	47.36481	0.040386	1.53626E-4
245953888623001600	154.12367	47.390319	0.115725	1.61617E-4
265938355005423616	154.13166	46.652162	0.333748	1.56015E-4
245953888870465536	154.13923	47.769536	0.12526	2.16302E-4
245953888878854144	154.14745	47.810637	0.115814	1.6983E-4
245953888690110464	154.15344	47.667893	0.12639	1.45733E-4
245953888945963008	154.16782	47.856067	0.141605	8.8953E-4
265938354950897664	154.17171	46.891369	0.079513	8.98292E-5
265938355001229312	154.17988	46.614882	0.166926	1.23024E-4
245953888656556032	154.21537	47.455009	0.10741	1.45371E-4
245953888627195904	154.21678	47.027065	0.163976	1.25635E-4
245953888685916160	154.21845	47.093986	0.16394	1.45174E-4
245953888618807296	154.22492	46.991433	0.125255	1.24496E-4
265938354997035008	154.22797	46.682018	0.104353	1.48445E-4
245953888895631360	154.22798	47.906273	0.340685	1.58695E-4
265938354963480576	154.232	46.664716	0.103405	1.37564E-4
265938355429048320	154.24395	46.491726	0.030466	7.25974E-5
265938355018006528	154.24825	46.510352	0.030432	7.62692E-5
265938355013812224	154.27483	46.531131	0.06359	1.725E-4
265938355009617920	154.27623	46.99888	7.61129E-5	1.82994E-4
265938354938314752	154.27856	46.695368	0.07954	1.8105E-4
265938355395493888	154.29443	46.428195	0.38167	1.64112E-4
245953888673333248	154.29455	47.533763	0.141909	1.5639E-4
245953888631390208	154.30204	47.024949	0.163297	1.28216E-4
265938354976063488	154.30967	46.678964	-3.24753E-5	1.18535E-4
265938354946703360	154.31953	46.875664	-3.53466E-4	1.52539E-4
265938355433242624	154.32166	46.230794	0.176768	1.09328E-4
265938354988646400	154.32507	46.77774	-7.58561E-5	6.03975E-5
265938355110281216	154.3267	46.955589	1.41701	1.87061E-3
245953888648167424	154.32988	47.392993	0.220594	6.15012E-5
245953888694304768	154.33068	47.730094	0.195316	9.69468E-5
265938355399688192	154.33852	46.128262	0.066214	7.6235E-5
245953888904019968	154.34692	48.063724	0.114467	1.39221E-4
265938355177390080	154.36077	46.740066	0.07989	1.2708E-4
265938355160612864	154.36255	46.624538	0.106962	1.48657E-4
265938355152224256	154.36666	46.684092	0.025264	1.76295E-4
265938355185778688	154.37019	46.563366	0.024592	8.78272E-5
245953888664944640	154.37589	47.66669	0.789767	1.83083E-3
245953888698499072	154.37907	47.040296	0.335018	1.44606E-3
265938355169001472	154.3793	46.59571	0.105959	1.30909E-4
265938355106086912	154.3814	46.98529	0.053696	1.3786E-4
265938355131252736	154.38631	46.760176	0.164547	1.46875E-4
245953888660750336	154.38694	47.451366	0.191359	1.69118E-4
265938355391299584	154.38785	46.133981	0.503595	3.16986E-4
265938355181584384	154.38795	46.896317	0.063901	1.83593E-4
265938355357745152	154.39223	46.315572	0.030723	7.72336E-5
245953888295845888	154.39482	47.530276	0.438464	1.15514E-3
265938355424854016	154.39824	46.198517	0.104704	1.50646E-4
245953888287457280	154.4105	47.375628	0.1803	1.47751E-4
245953888329400320	154.41402	47.664091	0.141621	1.01231E-4
265938355521323008	154.41808	46.389124	0.1572	9.78855E-5
265938355470991360	154.41955	46.337949	-1.16517E-4	1.51027E-4
265938355504545792	154.42913	46.149168	0.149285	9.52071E-5
265938355164807168	154.44136	46.543028	0.16691	1.52607E-4
245953888333594624	154.45077	47.608946	0.374447	1.10074E-3
245953888325206016	154.45743	47.528058	0.253736	1.29272E-4
245953888736247808	154.46315	47.827832	1.21978	1.84637E-3
265938355139641344	154.47278	47.088984	0.39807	1.85286E-4
245953888308428800	154.47859	47.091481	0.667992	1.02887E-3
245953888300040192	154.48025	47.330642	0.191085	1.54815E-4
265938355127058432	154.48081	46.60325	0.030067	1.02245E-4
265938355173195776	154.48117	46.916903	1.85558	2.1362E-3
245953888321011712	154.49257	47.562903	0.108092	1.25378E-4
265938355148029952	154.49462	46.526383	0.136079	1.01381E-4
265938355445825536	154.49641	46.310911	1.84239	1.5659E-3
245953888769802240	154.50764	47.99207	0.160701	1.08894E-4
245953888358760448	154.52104	47.426577	0.141413	1.69564E-4
265938355479379968	154.52129	46.481025	0.127186	1.31308E-4
265938355114475520	154.5232	46.552751	1.33859E-4	3.94889E-4
265938355483574272	154.52467	46.203847	0.502566	2.03223E-4
245953888782385152	154.5569	48.033069	0.385926	1.916E-4
265938355466797056	154.56283	46.439984	0.080312	3.52589E-5
245953888350371840	154.57356	47.395207	0.141539	1.00856E-4
265938355450019840	154.57566	46.291956	1.74776	1.57103E-3
265938355122864128	154.57943	47.133142	-3.34117E-4	1.91165E-4
245953888291651584	154.59008	47.547623	1.51164	2.73817E-3
245953888316817408	154.59899	47.301846	0.190101	4.61878E-5
265938355458408448	154.60474	46.404902	0.123765	4.12879E-5
245953888723664896	154.62178	47.902997	0.141576	1.50782E-4
265938355462602752	154.6312	46.154607	0.165509	1.76484E-4
265938355135447040	154.63535	47.008356	0.119893	1.38174E-4
265938355441631232	154.63619	46.212112	0.373883	1.81238E-4
265938355143835648	154.63714	46.768769	0.149961	9.48493E-5
265938355118669824	154.6463	46.703885	0.171778	1.51111E-4
245953888346177536	154.64766	47.651724	0.492865	2.06538E-4
265938355282247680	154.67059	47.064668	1.21889E-4	4.71145E-4
265938355454214144	154.6719	46.26335	3.59155E-4	6.79653E-5
265938355353550848	154.68025	46.623585	0.198299	1.35515E-4
265938355311607808	154.70345	46.540531	0.03086	1.78214E-4
265938355290636288	154.70967	46.824967	0.119825	2.49108E-4
265938355286441984	154.7248	46.866654	-1.58051E-4	1.13106E-4
265938355575848960	154.72502	46.30543	0.030389	8.24292E-5
245953888740442112	154.73307	47.77184	0.051263	1.38132E-4
265938355349356544	154.74115	46.519684	0.065484	9.09543E-5
265938355542294528	154.74164	46.454099	0.029959	8.15395E-5
245953888341983232	154.75009	47.341268	0.156417	1.62322E-4
265938355299024896	154.75177	46.809328	0.106844	1.97956E-4
265938355315802112	154.75447	46.6339	0.107047	1.36604E-4
265938355340967936	154.75608	46.835724	0.107753	1.50918E-4
245953888354566144	154.75842	47.620719	2.92911	6.76911E-3
245953888765607936	154.76652	47.989651	0.137498	1.74938E-4
265938355529711616	154.7685	46.454421	0.030589	8.32554E-4
265938355336773632	154.76999	46.574321	0.063252	1.44234E-4
265938355525517312	154.78592	46.422128	0.063285	1.29137E-4
245953888727859200	154.78986	47.914575	0.141514	1.38355E-4
245953888706887680	154.79191	47.885123	-6.00049E-4	7.69874E-5
245953888715276288	154.79202	48.079782	0.051089	1.93086E-4
265938355278053376	154.80302	46.993647	0.147298	1.38982E-4
265938355303219200	154.80332	46.795512	0.105224	1.43807E-4
265938355332579328	154.81295	46.892294	0.175994	1.37576E-4
265938355307413504	154.82143	46.93063	0.149259	1.65354E-4
265938355567460352	154.82171	46.456643	0.170448	1.46758E-4
265938355319996416	154.82195	46.72207	3.73392	7.74001E-4
265938355273859072	154.82242	46.696443	0.106022	1.62398E-4
265938355294830592	154.8261	46.877578	0.105031	1.46135E-4
265938355533905920	154.83166	46.183893	0.104991	1.33948E-4
245953888362954752	154.8322	47.709409	0.395557	1.80399E-4
265938355324190720	154.83642	46.550239	0.024361	8.63064E-5
245953888304234496	154.83779	47.224927	0.103347	1.3981E-4
245953888711081984	154.84434	48.066993	0.141853	1.56701E-4
245953888312623104	154.846	47.299943	0.180161	1.27486E-4
265938355328385024	154.85996	46.621621	0.196581	1.61202E-4
265938355680706560	154.87858	46.789413	0.105314	1.04905E-4
265938355621986304	154.88424	46.948149	0.147413	1.6343E-4
245953888337788928	154.89719	47.54731	2.43953	1.51282E-3
245953888186793984	154.90915	47.185111	0.180498	1.62433E-4
265938355655540736	154.91074	46.785642	0.063109	1.69245E-4
245953888732053504	154.91378	47.777709	-3.02703E-4	8.38481E-5
265938355559071744	154.92889	46.261126	0.185559	1.42876E-4
245953888190988288	154.9296	47.540879	0.108133	1.63631E-4
265938355663929344	154.93006	46.800341	0.104476	1.39077E-4
265938355638763520	154.93381	46.989878	0.101595	8.02827E-4
245953888581058560	154.93634	48.051501	0.050519	8.74352E-5
245953888123879424	154.94078	47.447567	0.041793	9.75703E-5
265938355588431872	154.94894	46.400982	-2.33862E-4	3.43324E-4
245953888149045248	154.95618	47.63325	0.041332	1.7868E-4
245953888564281344	154.96212	47.768615	-8.83112E-5	6.70237E-5
245953888165822464	154.97325	47.521637	0.193499	1.6347E-4
245953888568475648	154.9744	47.872295	0.480478	2.05265E-4
245953888539115520	154.97527	47.932016	0.042976	1.99681E-4
245953888115490816	154.97999	47.381515	0.157402	1.68657E-4
245953888560087040	154.98004	48.084995	0.222339	1.65009E-4
265938355689095168	154.98802	46.711478	0.118624	1.41534E-4
265938355651346432	154.99251	46.61271	0.030104	1.09899E-4
265938355617792000	154.99255	47.003232	0.149941	1.81977E-4
265938355676512256	155.00651	46.599682	0.030042	8.19873E-5
265938355630374912	155.00828	47.015436	0.148285	1.58971E-4
265938355647152128	155.00917	47.159053	0.244951	1.21979E-4
245953888543309824	155.00998	47.95575	0.195815	1.33387E-4
265938355668123648	155.0104	46.68932	1.68557	2.73936E-3
245953888119685120	155.01216	47.391607	-3.84706E-4	7.79446E-5
245953888144850944	155.01392	47.728507	0.192063	1.35043E-4
245953888182599680	155.01588	47.672023	1.02634	1.54217E-3
265938355672317952	155.01955	46.53743	1.48719	1.41728E-3
245953888606224384	155.02949	47.823572	0.030876	7.32228E-5
245953888161628160	155.03041	47.523366	2.09804	1.7346E-3
245953888589447168	155.03071	47.924427	0.042473	1.67534E-4
265938355684900864	155.03342	46.851545	-4.85726E-4	7.22523E-5
245953888195182592	155.03815	47.568762	0.041067	1.69974E-4
245953888555892736	155.03864	48.107887	0.255172	1.54795E-4
245953888576864256	155.04055	48.008498	0.042063	1.56149E-4
265938355626180608	155.04452	47.062236	1.57597	2.0317E-3
245953888153239552	155.0474	47.419631	0.074054	1.55824E-4
265938355609403392	155.05532	46.961557	0.106821	1.35784E-4
245953888551698432	155.06728	47.919066	0.334372	1.62576E-4