objID	ra	dec	z	zErr
588013381661426573	154.14677594	47.06633023	0.067899	0.066674
587732134303630216	154.00197488	47.10224153	0.231076	0.106995
587732134303630196	153.98473318	47.0554123	0.719324	0.028492
587732134303629595	154.07860818	47.17117719	0.117343	0.023836
587732134303629968	154.13013784	47.06937437	0.094612	0.042937
587732134303629930	154.07996366	47.10699296	0.260878	0.100288
587732134303695404	154.1772204	47.12370208	0.573112	0.021642
587732134303629387	153.98686601	47.18760212	0.115326	0.114571
587732134303630038	153.91674887	47.1462587	0.432676	0.116992
587732134303629553	154.01234529	47.06423419	0.164151	0.010552
587732134303630139	154.08449604	47.15312258	0.355865	0.20145
587732134303630035	153.92029183	47.12996464	0.110525	0.074487
587732134303630121	154.06201534	47.13104109	0.135359	0.05751
587732134303630142	154.10773188	47.12089991	0.181261	0.137365
588013381661426445	154.06128836	47.0195827	0.121077	0.0345
587732134303630250	154.0379674	47.20129797	0.816638	0.086645
587732134303629932	154.01651825	47.20760691	0.041102	0.015943
588013381661426299	154.1594871	47.02079952	0.456967	0.181773
587732134303630308	153.97214989	47.14923841	0.267897	0.091864
587732134303630090	153.97019288	47.20718885	0.289273	0.153602
587732134303630208	153.95015239	47.15768453	0.639077	0.217629
587732134303630287	153.97092599	47.05900963	0.065992	0.084891
587732134303630146	154.11316568	47.11637215	0.275826	0.112965
587732484888264907	154.18660533	47.03915948	0.23328	0.07176
588013381661426195	154.04540904	47.03370335	0.155638	0.054269
587732134303629660	153.94885332	47.1655134	0.021229	9.682E-3
587732134303629822	154.02433681	47.08296608	0.051087	0.038757
588013381661426674	154.14731392	47.06153003	0.295084	0.141724
587732134303629322	153.97916198	47.01420993	0.181958	0.10354
588013381661426229	154.07342551	47.02633885	0.139972	0.099381
587732134303695598	154.19326711	47.07094907	0.532585	0.073024
587732134303629367	154.05171848	47.0961876	0.102106	0.035718
587732134303695608	154.14678261	47.18005433	0.481707	0.183172
587732134303630206	154.02598645	47.04119585	0.535457	0.139724
588013381661426489	154.09987901	47.03216655	0.442904	0.039343
587732134303629861	153.98502647	47.17585958	0.06725	0.018557
587732134303629841	154.05651353	47.0397406	0.098943	0.035529
588013381661491386	154.15364411	47.06897894	0.142277	0.022874
587732134303629603	153.9121257	47.10426864	0.160518	0.027038
587732134303630082	154.05424216	47.06731791	0.541395	0.204663
587732134303629341	154.03340052	47.06398033	0.039763	0.033423
587732134303629332	153.96117762	47.08781465	0.201318	0.093123
587732134303695182	154.17742522	47.09595555	0.075445	0.035298
587732134303629550	153.91734296	47.20318414	0.549661	0.161394
587732134303630102	154.08466743	47.06137944	0.428199	0.125372
587732134303629807	153.94311683	47.18376311	0.38689	0.093954
587732134303629491	154.08552746	47.10713427	0.167522	0.037025
587732134303630066	154.01104971	47.08638247	0.476371	0.150052
587732134303695379	154.10778103	47.17931968	0.179679	0.10924
587732134303630055	153.94292257	47.16231427	0.246281	0.102119
587732134303629360	154.06144384	47.08752361	0.07867	0.062131
588013381661425808	154.15781298	47.03802482	0.241032	0.127834
587732134303630074	154.03841017	47.07128854	0.143646	0.204721
587732134303629764	153.94398579	47.10764379	0.115313	0.026683
587732134303630305	153.9723764	47.04975157	0.361983	0.170275
587732134303630304	153.97038523	47.04106937	0.38606	0.170015
587732134303629439	153.97389575	47.12379569	0.143483	0.01544
587732134303694865	154.0907072	47.1938504	-9999	-9999
587732134303629831	153.9713532	47.16842626	0.285115	0.099917
587732134303629529	153.92758366	47.08499825	0.158887	0.013743
587732134303629371	154.04561939	47.08585151	0.027726	0.181268
587732134303695262	154.19056369	47.19092767	0.35807	0.088839
587732134303629668	154.04710711	47.04713707	0.187322	0.038261
587732134303629589	154.07192825	47.14023407	0.149886	0.025953
587732134303630099	154.0011086	47.18563286	0.539488	0.033756
587732134303695156	154.09699665	47.18455442	0.211052	0.052714
588013381661426309	154.14733247	47.05140092	0.27643	0.029744
587732134303629813	154.0255442	47.07075221	0.184704	0.134707
587732134303695363	154.09956251	47.14813027	0.30508	0.137331
587732134303629451	154.07855096	47.04256071	0.154483	0.012252
588013381661426426	154.03249136	47.01713614	0.55721	0.027308
587732134303629969	154.12951745	47.07131229	0.207101	0.041671
587732134303629657	154.02914175	47.03015003	0.128744	0.044168
587732134303695385	154.15136023	47.1205032	0.468066	0.148275
587732134303629694	154.07960279	47.16418327	0.231414	0.098984
587732134303630293	154.0123215	47.05989514	0.094627	0.081679
587732134303629697	154.08384902	47.1631749	0.121216	0.0657
587732134303629434	153.91972884	47.19546437	0.157559	9.272E-3
587732134303630248	154.03762269	47.19907763	0.585525	0.033637
587732134303629775	153.96574423	47.08701494	0.155896	0.207231
587732134303695381	154.10756832	47.17779467	0.178448	0.102834
588013381661426447	154.06101373	47.02089179	0.123947	0.163056
587732134303695592	154.11155732	47.17772567	0.485437	0.092745
588013381661426298	154.1590373	47.02048612	0.04311	0.035008
587732134303629780	153.96960333	47.09635034	0.184032	0.0333
587732134303629623	154.06593095	47.17669959	0.269272	0.083401
588013381661491869	154.18629065	47.06225642	0.158162	0.088602
587732134303629460	154.02240434	47.14942493	0.183483	0.034675
587732134303629469	154.0922097	47.07013838	0.162713	0.020626
587732134303630290	153.9488504	47.07598006	0.306051	0.159898
587732134303629862	154.07037142	47.0456798	0.124364	0.031841
587732134303695383	154.16637724	47.09487609	0.181047	0.110255
587732134303629573	154.04624557	47.10747386	0.149978	0.01549
588013381661491873	154.19140584	47.06968244	0.038568	0.085111
587732134303629806	154.02354298	47.0617872	0.275249	0.105584
587732134303629674	153.97872912	47.19027129	0.138229	0.03523
588013381661491618	154.19300644	47.07350033	0.175817	0.090292
588013381661491833	154.14677631	47.06629491	0.076917	0.048451
587732134303629772	154.00203607	47.03394109	0.143951	0.037912
587732134303629847	154.02590062	47.08943144	0.532176	0.022665
587732134303629856	153.98498917	47.1650905	0.484296	0.175749
587732134303629406	153.91386183	47.08775983	0.098533	0.015644
587732134303695374	154.1536163	47.09282741	0.511566	0.121669
587732134303629907	154.05363188	47.12580804	0.14538	0.074812
587732134303629895	154.01027107	47.17456469	0.128539	0.026383
588013381661426557	154.15472599	47.03135755	0.051566	0.040936
587732134303629797	153.96104456	47.14027456	0.104872	0.094761
587732134303629695	154.080453	47.16285242	0.299539	0.062965
587732134303630112	154.01252184	47.18910691	0.664445	0.038996
587732134303630138	154.08449607	47.15312263	0.390048	0.213018
587732134303629680	154.01103893	47.16391051	0.18745	0.027767
587732134303695380	154.10778101	47.17931965	0.181815	0.108998
587732134303630303	153.94256313	47.06310896	0.215297	0.089887
588013381661426446	154.06128837	47.0195827	0.122542	0.034745
587732134303630040	153.94385884	47.11364119	0.280135	0.087073
587732134303629881	154.03988814	47.10770349	0.131893	0.058839
587732134303694959	154.15956104	47.21155178	0.091455	0.020324
587732134303629838	153.97223043	47.16515625	0.209864	0.157678
587732134303629833	153.97037163	47.16713668	0.048005	0.028943
587732134303629830	153.97135319	47.16842624	0.294015	0.105545
588013381661426518	154.11322365	47.04087536	0.20071	0.157111
587732134303629530	153.92758366	47.08499825	0.160251	0.014944
587732134303694874	154.19036093	47.09063368	0.211967	0.173147
587732134303629378	154.04681544	47.08856042	0.301771	0.181245
587732134303630078	154.04784172	47.06648866	0.086272	0.032928
588013381661492208	154.14732484	47.06151014	0.299321	0.139373
588013381661426119	153.97918323	47.01424465	0.042294	0.038898
587732134303695092	154.19334071	47.14569017	0.242919	0.108677
587732134303695593	154.17084194	47.0878531	0.579694	0.138023
587732134303629846	154.02692412	47.08807912	0.087871	0.039403
588013381661491384	154.17200345	47.03928693	0.303688	0.033848
587732134303629791	153.93157556	47.1795778	0.031879	0.0142
587732134303630282	154.02652671	47.19557189	0.231971	0.186848
587732134303695204	154.12606584	47.20096611	0.468138	0.092024
587732134303629463	154.03029697	47.1401892	0.108092	0.129417
587732134303630150	154.12527903	47.10751755	0.103839	0.034394
587732134303629374	154.05667732	47.08743955	-9999	-9999
587732134303695597	154.15384996	47.13096566	0.271842	0.114721
587732134303695043	154.07882811	47.20639908	0.220882	0.014829
587732134303629445	153.98587191	47.15197575	0.165496	0.012166
588013381661426062	154.17770182	47.02917012	0.032751	0.032957
587732134303629850	154.05777474	47.04435039	0.117635	0.039176
588013381661491460	154.17906311	47.03594202	0.153568	0.093075
587732134303629941	154.03560713	47.19152485	0.735302	0.093341
587732134303695208	154.1313999	47.1973861	0.135091	0.056966
587732134303629774	153.96743461	47.08809782	0.340378	0.018336
587732134303695615	154.15680859	47.19847593	0.782114	0.256752
587732134303629474	154.03866171	47.15051651	0.164109	0.014568
587732134303695145	154.16052992	47.07294015	0.090444	0.054679
587732134303629560	154.01857107	47.09954791	0.177836	0.02342
587732134303630006	153.9443577	47.0290068	0.50568	0.029515
587732134303629939	154.0642564	47.14271305	0.175285	0.037607
587732134303695019	154.18449255	47.19710047	0.118173	0.022922
587732134303629894	154.01971958	47.15411745	0.078464	0.026029
587732134303695407	154.13797473	47.189261	0.107079	0.041157
587732134303629802	153.97416214	47.13086223	0.131669	0.039217
587732134303629778	154.01678458	47.01923296	0.028628	0.020883
587732134303629754	153.92790262	47.11006357	0.52524	0.122895
587732134303630089	154.06796984	47.05585683	0.299456	0.168186
587732134303629470	154.09385404	47.07289659	0.10387	0.026886
587732134303695178	154.1451579	47.13829126	0.197409	0.048843
587732134303564507	153.91065423	47.051562	0.115642	0.042501
588013381661426610	154.05328522	47.01258037	0.748265	0.033604
587732134303629691	154.07393955	47.1645658	0.261407	0.097497
588013381661425953	154.1720102	47.0393094	0.303108	0.03362
587732134303629613	154.05061098	47.10376221	0.123907	0.040531
587732134303629964	154.12621047	47.07117045	0.167124	0.029487
587732134303694941	154.12602669	47.1042278	0.074958	0.026378
587732134303564627	153.93533023	47.02858393	0.621075	0.212255
587732134303629751	153.96038779	47.05594106	0.100937	0.040383
587732134303630116	154.05675099	47.13856207	0.147436	0.077838
587732134303695600	154.17610384	47.10889564	0.198061	0.168078
587732134303630247	154.05796402	47.1614307	0.371934	0.194252
587732134303629571	153.98588677	47.19183177	0.201325	0.015631
587732134303564326	153.94076848	47.03535891	0.437847	0.168603
587732134303629669	153.96792142	47.17216746	-9999	-9999
587732484888265224	154.15591149	47.02886744	0.379718	0.061585
588013381661426303	154.1572251	47.02923218	0.554347	0.166628
587732134303629866	153.96697921	47.204697	0.306177	0.05117
587732134303694862	154.08638656	47.20058192	0.196402	0.219295
587732484888265223	154.15833804	47.02452538	0.072744	0.028077
588013381661426459	154.06267729	47.02986671	0.200412	0.083007
587732134303629976	154.08904074	47.1406127	0.025259	8.347E-3
587732484888264948	154.18458844	47.0188589	0.272943	0.04329
587732134303629898	154.02004865	47.16190128	0.111547	0.071686
587732134303629809	153.99751985	47.1061207	0.070366	0.027777
587732134303629956	154.11531342	47.07689694	0.080645	0.032744
588013381661426000	154.01690444	47.01909708	0.235881	0.096127
587732134303629970	154.13768999	47.05788426	0.145283	0.039195
587732134303629645	153.950948	47.10257596	0.122526	0.055694
587732134303629854	154.06809489	47.03562236	0.050601	0.01965
588013381661426651	154.1418414	47.04123044	0.748954	0.119916
587732134303630233	153.99517405	47.19267293	0.5549	0.141372
587732484888265162	154.11783703	47.01486944	0.151556	0.153045
587732134303629786	153.92947745	47.17226669	0.433281	0.106529
587732134303695369	154.09585603	47.1629723	0.441076	0.069853
587732134303629767	153.91069091	47.1614436	0.092793	0.046598
587732134303629690	154.07613485	47.16581531	0.196556	0.064043
587732134303629869	154.00153686	47.15630234	0.205617	0.128438
587732134303629820	154.04997896	47.04250014	0.537665	0.21677
587732134303629533	153.95760212	47.06439463	0.193154	0.022299
587732134303695187	154.17299625	47.10795538	0.135789	0.050549
587732134303629755	153.91525149	47.13987212	0.104496	0.029902
587732134303694979	154.15029097	47.0695758	0.171736	0.034532
588013381661426255	154.10218949	47.03190999	0.442836	0.097627
587732134303629539	153.98347783	47.04615519	0.332907	0.067543
587732134303629885	154.08068746	47.05087836	0.147266	0.038521
587732134303695708	154.17663774	47.20295243	0.056357	0.048641
587732134303630046	153.9645954	47.10621441	0.11064	0.096472
587732134303629359	154.05942523	47.08453372	0.14879	0.0447
587732134303629746	153.93890844	47.08075909	0.423323	0.030223
587732134303629879	154.08234173	47.03891487	0.105982	0.040827
587732134303629823	153.9907416	47.13371133	0.250018	0.112008
588013381661491853	154.18011181	47.04731993	0.473908	0.022126
587732134303630081	153.99003454	47.15916683	0.230197	0.118859
587732134303629494	154.10977501	47.07648127	0.080478	0.018928
588013381661491856	154.18271953	47.04854718	0.194552	0.098756
588013381661426213	154.0582744	47.03133477	0.271333	0.063937
587732134303694875	154.18201341	47.09199334	0.227743	0.142089
587732134303629659	153.94525586	47.16779454	0.138006	0.041634
587732134303629490	154.08712726	47.10587258	0.083528	0.026247
587732134303695254	154.18364789	47.19009974	0.217338	0.095325
588013381661426510	154.11206774	47.03603572	0.473887	0.115252
587732134303629873	154.04478634	47.09329492	0.107343	0.033356
588013381661426678	154.16254882	47.01401084	0.184758	0.189512
587732134303629583	154.09311404	47.09266899	0.145925	0.016734
587732134303630239	154.03998784	47.15597064	0.437272	0.178151
587732134303629452	154.02056224	47.14645449	0.179926	0.010845
587732134303630042	153.95171782	47.11077556	0.163205	0.058996
587732484888265234	154.16530134	47.02821135	0.351448	0.03931
587732134303629593	154.04258806	47.20417476	0.147546	0.013999
587732134303695371	154.11852888	47.13191414	0.185705	0.036496
587732134303629683	154.11909868	47.051903	0.111935	0.039332
587732134303629819	153.97622394	47.15188624	0.081682	0.033527
588013381661425885	154.1203522	47.02843593	0.130536	0.032378
588013381661491457	154.16886652	47.04759357	0.219324	0.086457
587732134303695364	154.10000412	47.14839517	0.435627	0.166281
587732134303695399	154.17084351	47.11969588	0.526265	0.120118
587732134303629845	154.02692412	47.08807912	0.081378	0.038104
588013381661425952	154.17201019	47.03930939	0.301626	0.033036
587732134303630050	153.93193856	47.15966946	0.300756	0.119425
587732134303630224	154.026551	47.10060118	0.608152	0.163778
588013381661426697	154.12618397	47.05066853	0.31482	0.024303
587732134303694942	154.12602668	47.1042278	0.077542	0.024891
587732134303629576	154.05667732	47.10770445	0.173348	0.02625
587732134303695610	154.17599049	47.14689176	0.238433	0.071182
587732134303630169	153.9352997	47.02856343	0.521484	0.201138
587732134303630098	154.07896478	47.06634748	0.155673	0.09753
587732134303629444	153.98587191	47.15197575	0.165683	0.010622
587732134303630125	154.10507589	47.07606181	0.291633	0.188044
588013381661491455	154.17770212	47.02914774	0.163026	0.067989
588013381661426207	154.05780416	47.03369407	0.123184	0.061233
587732134303629715	153.94075204	47.03535053	0.425189	0.171902
587732134303629344	154.0357701	47.05622854	0.085931	0.04402
587732134303629773	153.96743461	47.08809782	0.336567	0.021745
587732484888265226	154.15590843	47.02886778	0.260022	0.071331
587732134303630241	154.08633927	47.08951751	0.159862	0.182184
587732134303629340	154.0387705	47.05846862	0.244942	0.048146
587732134303629982	154.06430775	47.1888914	0.080412	0.044658
587732134303695018	154.18449255	47.19710047	0.11731	0.023506
587732134303629380	154.04146316	47.08359626	0.317522	0.172998
587732134303629896	154.0169029	47.16510706	0.171673	0.040264
587732134303695394	154.13738651	47.16104629	0.539501	0.02
587732134303629384	153.99743958	47.18785205	0.102625	0.024635
587732134303630136	154.11529929	47.08959586	0.283024	0.050886
587732134303630301	153.9508995	47.01563625	0.087491	0.106069
588013381661426226	154.06807432	47.03562477	0.028501	0.023348
587732134303629989	154.14148988	47.08875098	0.044909	0.04062
587732134303629591	154.09409594	47.11652427	0.116515	0.026493
587732134303630049	153.92917613	47.1638646	0.491689	0.108062
587732134303694863	154.09519091	47.19578445	0.570585	0.1808
587732134303629944	154.07265809	47.13625239	0.090603	0.026882
587732134303564291	153.91068604	47.03896366	0.162571	0.12487
587732134303629614	154.07604515	47.1049661	0.156834	0.01706
587732134303629868	154.00151698	47.15626917	0.158578	0.094869
587732134303695140	154.14539901	47.08068305	0.093062	0.046467
587732134303564040	153.93022272	47.04611714	0.078973	0.029357
587732134303630135	154.07744669	47.14460261	0.232265	0.108496
588013381661425886	154.12194658	47.03070494	0.024966	0.013248
588013381661426227	154.07501554	47.02617913	0.297815	0.035895
587732134303629977	154.08095517	47.15278843	0.190649	0.056945
587732134303629538	153.98277918	47.04359135	0.06368	0.046718
587732134303629700	154.10249617	47.14540881	0.11649	0.057955
587732134303629796	153.96304974	47.14036652	0.091851	0.039835
588013381661426239	154.08248584	47.0389626	0.131961	0.0336
587732134303630214	154.03196915	47.05290357	0.675756	0.116515
587732134303629812	153.98740349	47.12672071	0.28662	0.077449
587732134303629567	154.05987095	47.07074731	0.134777	0.034621
587732484888265242	154.17949481	47.01326847	0.246423	0.160439
587732134303630220	154.01394634	47.11323194	0.218055	0.090116
587732134303695431	154.18067116	47.15537254	0.515994	0.01723
587732134303629405	153.91824197	47.08955885	0.167026	9.988E-3
587732134303629927	154.05864439	47.13580872	0.166202	0.132388
587732134303630221	154.0132482	47.11920599	0.735758	0.052016
587732134303694854	154.11001338	47.14794561	0.15304	0.030574
587732134303630317	153.96861193	47.17823221	0.191895	0.159346
588013381661426237	154.08774975	47.0246934	0.262122	0.046727
587732134303695183	154.11608066	47.1894069	0.101118	0.028617
587732134303629792	153.99244668	47.08737543	0.034173	0.02118
587732134303564290	153.92320438	47.01923813	0.051886	0.027824
587732134303695176	154.1611073	47.11485726	0.103978	0.027425
587732134303629931	154.02141039	47.1992372	0.077304	0.036581
587732134303629867	153.99816361	47.15711309	0.193637	0.096048
587732134303629397	154.09178665	47.11215819	0.271857	0.046805
587732134303695713	154.16548507	47.1381756	0.204865	0.048602
587732134303630244	154.04291459	47.16375661	0.599271	0.106681
587732134303629974	154.14257735	47.05660969	0.16343	0.017551
587732134303629946	154.11949949	47.06719682	0.172473	0.026234
587732134303629540	153.97717302	47.0591709	0.159981	0.018264
587732134303629979	154.12035599	47.0997703	0.289152	0.02552
587732484888265238	154.17013233	47.02723547	0.156888	0.102077
587732134303563937	153.93283807	47.01388658	0.15676	0.018858
587732134303629411	153.93408759	47.07302508	0.205103	0.024093
587732134303629966	154.04944741	47.18936479	0.224467	0.102335
587732134303629871	154.07439525	47.04807569	0.072916	0.036573
587732134303695602	154.17245947	47.12956277	0.870408	0.213028
588013381661426174	154.0312716	47.02046848	0.179906	0.040323
587732134303629784	153.96072238	47.11722376	0.344195	0.134171
587732134303629379	154.0573562	47.08865682	0.224109	0.128749
588013381661426498	154.10211696	47.03700883	0.294015	0.126263
587732134303630306	153.91612931	47.17533907	0.24168	0.145896
587732134303629610	153.96425894	47.21067577	0.15136	0.020222
587732134303629965	154.03592774	47.20896251	0.129475	0.055367
588013381661425948	154.12839589	47.06261865	0.075097	0.022809
587732134303629824	153.99074157	47.13371127	0.156224	0.11262
587732134303695391	154.15599121	47.12787782	0.705573	0.079831
588013381661491466	154.18177168	47.0619678	0.315916	0.030556
587732134303629386	153.98984544	47.19044455	0.178417	0.106037
587732134303695623	154.18270544	47.18273935	0.125114	0.161842
587732134303630140	154.08696999	47.15268212	0.4037	0.231877
587732134303629582	154.09311403	47.09266901	0.136142	0.017268
587732134303629858	153.96879824	47.19267014	0.028637	0.020055
588013381661426506	154.11196299	47.0286694	0.254778	0.027643
587732134303629361	154.04476	47.08986643	0.560079	0.05149
587732134303695606	154.16226276	47.15307778	0.191965	0.224109
587732134303629453	154.02056224	47.14645449	0.177254	0.010695
588013381661426052	154.14019031	47.04596946	0.676556	0.192037
587732134303630105	154.01722652	47.17165461	0.314232	0.060545
588013381661426558	154.13779575	47.05788745	0.239379	0.053551
587732134303630068	153.95151749	47.18444622	0.527469	0.177953
588013381661426215	154.06834737	47.01990172	0.045381	0.027146
587732134303630309	153.95392148	47.17939942	0.367481	0.098212
587732134303695205	154.12012318	47.21158889	0.101254	0.053439
587732134303629698	154.11906663	47.1131314	0.236281	0.04444
587732134303629884	154.0764858	47.05410499	0.015489	0.132515
587732134303630007	153.90979648	47.08275445	0.461743	0.035247
588013381661491458	154.16886652	47.04759357	0.227436	0.084922
587732134303629532	153.93112914	47.0953044	0.070659	0.016728
587732134303629915	154.00389108	47.20925399	0.372622	0.168595
587732134303629814	154.0255442	47.07075221	0.19425	0.053221
587732134303630153	154.09952652	47.14809326	0.198697	0.11183
587732134303630296	153.93821771	47.20778479	0.099291	0.034509
587732134303695173	154.17406386	47.091513	0.076325	0.042429
587732134303629477	154.0324383	47.15942259	0.043656	0.019899
587732134303629510	154.12942813	47.10459156	0.161942	0.043829
588013381661426307	154.15080488	47.04445412	0.110161	0.082348
587732134303629749	153.93686034	47.0912259	0.149114	0.032024
587732134303629696	154.07960273	47.16418339	0.238445	0.089207
588013381661425904	154.15314946	47.05696257	0.15307	0.018045
587732134303695418	154.13050998	47.21167126	0.085836	0.038221
587732134303629826	154.01205925	47.10226247	0.085325	0.04383
587732134303629435	153.91972884	47.19546437	0.156328	9.074E-3
588013381661426177	154.03758396	47.01983811	0.081785	0.034611
588013381661426350	153.965639	47.0132494	0.643956	0.064511
587732134303629489	154.08370688	47.1051295	0.107694	0.024324
587732134303630004	153.94198061	47.03118056	0.304674	0.177767
587732134303629936	154.06086501	47.14428805	0.109951	0.03726
587732134303629620	154.11041533	47.09227668	0.242266	0.013786
587732134303629392	154.01494146	47.21167758	0.148344	0.087224
587732134303629714	153.94838891	47.02233504	0.328948	0.067655
588013381661426300	154.15900762	47.02045492	0.031539	0.025672
587732134303630291	153.94627015	47.11019474	0.068309	0.104642
587732134303695070	154.08857702	47.2110733	0.078475	0.172711
587732134303694895	154.18619827	47.17666509	0.262867	0.030298
588013381661426004	154.0222495	47.01888213	0.139015	0.014866
587732134303630130	154.06591546	47.14650362	0.21858	0.133137
587732134303629808	153.92578089	47.21203196	0.048103	0.025275
587732134303630237	154.07032533	47.1005813	0.227011	0.199615
587732134303629459	154.02336581	47.14104441	0.264025	0.151919
587732134303695249	154.19197899	47.17381157	0.039441	0.014592
587732134303629563	154.00684685	47.13574701	0.077247	0.022887
587732134303629675	153.97872912	47.19027129	0.138756	0.03507
588013381661491608	154.19297273	47.06122679	0.624609	0.098805
588013381661426228	154.07501552	47.02617915	0.309572	0.06573
588013381661425954	154.17338708	47.03805727	0.26529	0.13495
587732134303630289	153.91553267	47.06240371	0.202871	0.100716
587732134303630147	154.05472753	47.20631724	0.236717	0.17351
587732134303629840	153.98403611	47.14963991	0.121292	0.043674
587732134303630238	154.08090638	47.08709604	0.701576	0.061559
587732134303629789	153.95935609	47.12814778	0.079755	0.031154
587732134303695062	154.10246071	47.1454139	0.136878	0.209518
587732134303629615	154.03168774	47.17304048	0.64848	0.04032
587732134303629565	154.05971089	47.06870817	0.210679	0.024982
588013381661426314	154.17912248	47.01327819	0.260689	0.13766
587732134303630307	153.99118284	47.10503397	0.074531	0.211878
587732484888265669	154.18029181	47.01862198	0.045455	0.012981
587732134303629407	153.9189604	47.09286422	0.12989	0.054229
587732134303629882	154.01306057	47.14919425	0.25453	0.101656
587732134303630246	154.10986621	47.0730833	0.496545	0.124987
587732134303629928	154.05864439	47.13580872	0.166781	0.126481
587732134303629756	153.96813496	47.06093747	0.41471	0.090114
588013381661426245	154.08764164	47.03677414	0.048415	0.050996
587732134303695457	154.18386244	47.18416705	0.138623	0.066198
587732134303630261	154.11583195	47.12712241	0.339052	0.026477
587732134303630106	153.99244256	47.20922033	0.158117	0.111731
587732134303630314	154.11233115	47.04725071	0.309593	0.162867
587732134303630034	153.92258952	47.12098343	0.293141	0.049461
587732134303630217	154.04067849	47.05146365	0.993521	0.142398
587732484888265229	154.16104304	47.025535	0.059711	0.039088
587732134303629454	154.02115922	47.14272856	0.299927	0.121132
587732134303695139	154.09178587	47.16144647	0.406601	0.041015
587732134303694950	154.16545112	47.07140196	0.151463	0.02714
587732134303629942	154.04286341	47.18069304	0.324046	0.044059
588013381661426308	154.14251412	47.05664101	0.148742	0.077467
587732134303630063	153.97706156	47.12712529	0.111824	0.14358
587732134303629980	154.12035577	47.09977012	0.308482	0.020373
588013381661426366	153.97578766	47.01445262	0.051842	0.080192
587732134303630022	153.91044324	47.11169563	0.05501	0.024003
587732134303695089	154.16903433	47.16207727	0.117258	0.029821
587732134303630197	153.93472712	47.13534003	0.577101	0.058187
587732134303695175	154.10014091	47.20480693	0.303069	0.032703
587732484888265237	154.17013229	47.02723543	0.163546	0.092171
587732134303629914	154.00389105	47.20925392	0.471118	0.192714
588013381661426667	154.02541736	47.01255945	0.36663	0.269527
587732134303695365	154.09952535	47.14809624	0.118013	0.144754
587732134303630001	153.93821253	47.03124234	0.335908	0.030314
587732134303695172	154.17406385	47.09151299	0.078805	0.036077
587732134303694943	154.12939016	47.10459937	0.15197	0.038988
587732134303629461	154.02900873	47.13682695	0.159862	0.011094
588013381661491297	154.15313495	47.05692927	0.166639	0.017525
587732134303630084	153.98830839	47.17044234	0.250398	0.038649
587732134303629343	154.03746575	47.06068295	0.045395	0.04647
587732484888265441	154.11150413	47.01604946	0.200329	0.119741
587732134303629488	154.08370687	47.10512949	0.103367	0.023312
587732134303564521	153.94197488	47.03118549	0.243456	0.172169
587732134303629484	154.11025914	47.05835905	0.147273	0.012314
587732134303629758	153.94582782	47.09650322	0.1541	0.023944
587732134303630259	154.11374958	47.12834608	0.758881	0.102438
587732134303564325	153.94837727	47.02234021	0.332208	0.07511
587732134303695169	154.16279118	47.10371885	0.082264	0.031548
587732134303629793	153.92111758	47.19898377	0.057061	0.024721
587732134303629852	153.99266251	47.14768216	0.204349	0.030158
587732134303695392	154.13710175	47.1583087	0.091861	0.041916
588013381661426038	154.08846298	47.04142142	0.18575	0.074801
587732134303629649	154.02222858	47.01890233	0.197939	0.025016
587732134303629918	154.09206649	47.07598556	0.109685	0.029365
587732134303629628	153.92574067	47.05050751	0.091337	0.052404
587732134303630113	154.07031437	47.10543103	0.109546	0.055585
587732134303695693	154.16603526	47.20451741	0.122437	0.195542
587732134303630219	154.00068573	47.12028155	0.445877	0.167855
588013381661491577	154.19194279	47.02380847	0.059476	0.061326
587732134303629457	154.02302734	47.13954386	0.293639	0.131502
587732134303695220	154.19097157	47.12389034	0.104674	0.045001
587732134303629763	153.97842921	47.05342371	0.186242	0.18322
587732134303695184	154.19286281	47.07349929	0.144258	0.086183
587732134303630048	153.98177289	47.08091618	0.730772	0.037135
587732134303629629	153.93023817	47.04611462	0.068837	0.038949
587732134303695143	154.07750801	47.19344848	0.175232	0.134829
587732134303629326	153.98088031	47.02355494	0.099965	0.050276
587732134303629493	154.09916734	47.08785004	0.149954	0.029166
587732134303629413	153.93812751	47.07379249	0.068348	0.03443
587732134303629992	154.0775405	47.19344119	0.098925	0.126654
587732134303629596	154.15032844	47.06956957	0.18147	0.039488
587732134303629651	154.00514155	47.04879012	0.093592	0.02172
587732134303629975	154.10288162	47.11722509	0.148774	0.116076
587732134303629897	154.03200728	47.14317429	0.508378	0.120739
587732134303630137	154.12910956	47.07797748	0.043205	0.123798
587732134303629798	153.96304987	47.14036621	0.076794	0.036789
587732134303630044	153.9875359	47.06259277	0.354794	0.131105
587732134303629835	154.06012382	47.03101821	0.156295	0.026538
587732134303629662	154.0142246	47.07391051	0.239091	0.052562
587732134303629408	153.91921707	47.08636468	0.144256	0.038382
587732134303629903	154.03665405	47.14214994	0.147157	0.063705
587732134303629492	154.11021781	47.06976622	0.089705	0.02337
587732134303629404	153.91824197	47.08955885	0.168558	0.010429
587732134303629466	154.08295412	47.07224501	0.134601	0.016415
587732134303630205	153.99212389	47.08302373	0.171222	0.155637
588013381661426677	154.08775284	47.01889345	-9999	-9999
587732134303694953	154.18387142	47.08797605	0.172122	0.012814
587732134303630097	153.99257683	47.19445818	0.052824	0.155413
587732134303695585	154.1365324	47.10886464	0.485353	0.152813
587732134303629738	153.92362064	47.08716283	0.172875	0.080502
587732134303695460	154.18568062	47.18659983	0.618072	0.051744
587732134303695141	154.14089536	47.0908005	0.500108	0.132093
587732134303695466	154.18822653	47.19486452	0.359785	0.055766
587732134303629987	154.09182121	47.16144014	0.37212	0.045273
587732134303695234	154.16550394	47.1833604	0.405733	0.057678
588013381661426563	154.16129215	47.02548425	0.231583	0.12756
587732134303629874	154.0429159	47.09406695	0.347528	0.078062
587732134303695149	154.14261484	47.10621717	0.063911	0.035773
588013381661426699	154.14402224	47.05919811	0.181192	0.115595
587732134303629811	153.99987249	47.10808727	0.222157	0.046249
587732134303629666	154.04856062	47.04585624	0.179831	0.031702
587732484888265239	154.16919963	47.02619278	0.142325	0.047939
587732134303630065	153.95803796	47.159008	0.246276	0.125649
588013381661491560	154.17017317	47.02718572	0.263263	0.093963
587732134303629412	153.93408758	47.07302507	0.248333	0.044926
587732134303629375	154.04917798	47.08825414	0.249423	0.234584
587732134303629926	154.05140855	47.14578933	0.132269	0.063862
587732134303630053	154.03116702	47.02051475	0.172604	0.148121
587732134303629783	153.96072238	47.11722375	0.509013	0.156243
587732134303630292	153.93575694	47.14202199	0.178859	0.104385
588013381661426499	154.10211693	47.03700883	0.31124	0.128221
587732134303629752	153.91576232	47.12354705	0.062551	0.026767
587732134303629837	154.0582464	47.03127264	0.136252	0.055316
587732134303630071	153.96399174	47.16834596	0.071181	0.079607
587732134303629476	154.03582285	47.15736536	0.121478	0.028375
588013381661426653	154.15537757	47.04431413	0.602582	0.034418
587732134303629562	154.00764587	47.13750301	0.136586	0.014175
587732134303629685	154.12837901	47.06261363	0.096043	0.024958
587732134303629815	153.99050587	47.12470051	0.377879	0.02822
588013381661426302	154.15593718	47.02888637	0.119002	0.100684
587732134303629661	153.98979716	47.10922844	0.153644	0.034382
587732134303695706	154.10961939	47.14351079	0.114723	0.1586
587732134303695429	154.15864375	47.18622947	0.488093	0.172422
587732134303629487	154.08690816	47.09899588	0.189047	0.021858
587732134303695398	154.11186908	47.20944632	0.573157	0.023351
588013381661491382	154.18463879	47.0188468	0.234635	0.051017
587732134303629373	154.04447212	47.08384653	0.128871	0.132481
588013381661425809	154.16195654	47.03282854	0.2155	0.085223
588013381661426559	154.13779571	47.05788744	0.227369	0.050969
588013381661425945	154.13980823	47.03895091	0.113157	0.047473
588013381661426214	154.06834736	47.01990172	0.050182	0.034227
588013381661426310	154.16521938	47.0283353	0.059027	0.035824
587732134303629325	153.97559159	47.01458501	0.099703	0.057751
587732134303629655	153.9536555	47.14397931	0.173621	0.187716
587732134303564524	153.90979568	47.0827534	0.437238	0.038375
587732134303694881	154.14656331	47.16631196	0.147634	0.039862
587732134303630151	154.09957648	47.14811535	0.325808	0.126111
587732134303629724	153.93855717	47.04504662	0.214104	0.10403
588013381661425876	154.07857432	47.04256607	0.157111	0.013589
587732134303629967	154.13013784	47.06937436	0.10358	0.042554
588013381661426008	154.02916345	47.03014831	0.09146	0.041424
587732134303695613	154.15177566	47.196846	0.777649	0.226065
588013381661426652	154.15317267	47.0357634	0.711323	0.027398
587732484888265228	154.15459334	47.03144735	0.101846	0.054286
587732134303629726	153.91649688	47.082165	0.065702	0.0406
587732134303629552	154.01234529	47.06423418	0.163345	0.0106
587732134303630232	154.08424243	47.05446006	0.211028	0.181445
587732134303629438	153.91998408	47.19322334	0.225478	0.049255
587732134303629848	153.96584579	47.17988829	0.203103	0.042329
587732134303630299	154.1077288	47.13969754	0.129972	0.121091
587732134303564316	153.94252378	47.01544564	0.364034	0.0943
587732134303629368	154.06111421	47.08239617	0.10522	0.103997
587732134303630123	154.01543516	47.20531218	0.475378	0.040286
587732134303695193	154.13571334	47.17215308	0.075865	0.022034
587732134303629710	153.92143871	47.05765281	0.074797	0.038881
587732484888265221	154.15909524	47.020665	0.201817	0.049075
587732134303629832	153.97007274	47.16606608	0.137564	0.050371
587732134303630056	153.92626227	47.18785996	0.165012	0.113066
587732134303629621	154.06594893	47.17667489	0.33027	0.059649
587732134303630318	154.08881857	47.15581897	0.316758	0.168056
588013381661491463	154.18645501	47.03923335	0.119278	0.112883
587732134303629810	154.04529903	47.03375143	0.158274	0.070868
587732134303629828	153.94885276	47.19778508	0.076646	0.047423
587732134303695430	154.19000618	47.13860776	0.198574	0.034266
587732134303629377	154.04632775	47.08422386	0.091331	0.180814
587732134303629345	154.02947377	47.06219485	0.228155	0.127293
587732134303629327	153.97895219	47.01782771	0.305241	0.098377
587732134303629693	154.07329563	47.1659036	0.322283	0.025434
588013381661492110	154.19324571	47.07096558	0.536052	0.162697
587732134303629369	154.05188842	47.0894497	0.137186	0.115498
588013381661426057	154.14689501	47.04917832	0.304407	0.12734
587732134303694882	154.14914744	47.16795682	0.087014	0.028206
587732134303630126	154.09992878	47.08433632	0.515614	0.034211
587732134303629564	154.00565231	47.13801606	0.070716	0.192447
587732134303629481	154.10334976	47.06649988	0.160508	0.012791
587732134303630209	153.9598312	47.14904661	0.711999	0.049126
588013381661426217	154.05654018	47.0396734	0.049351	0.028851
587732134303694980	154.15364891	47.06901251	0.161088	0.025684
587732134303629601	153.91212802	47.10426494	0.142503	0.024709
587732134303629972	154.07874837	47.14901486	0.153381	0.052219
587732134303629795	154.03385642	47.03175572	0.107515	0.058763
587732134303630211	153.96125277	47.15073143	0.225999	0.165258
587732134303564319	153.94049399	47.02814264	0.143756	0.019626
587732134303695191	154.10841664	47.21055767	0.106692	0.052606
587732134303629365	154.06147223	47.08992542	0.3619	0.092022
587732134303630052	154.01113121	47.04744215	0.065592	0.108229
587732134303695590	154.1083069	47.16883065	0.719948	0.146443
587732134303629592	154.03847483	47.20708018	0.141202	0.029081
587732134303629433	153.94408581	47.1516701	0.174686	0.017027
587732134303629681	153.99568246	47.20189972	-9999	-9999
588013381661491469	154.18712886	47.07737774	0.234527	0.039357
587732134303630298	154.09090909	47.12515485	0.230736	0.152271
588013381661425944	154.13720046	47.03896896	0.071521	0.042897
587732134303564330	153.92758599	47.0572474	0.222984	0.140904
587732134303630072	154.04581504	47.05185461	0.608259	0.030727
587732134303629467	154.09232478	47.067299	0.176976	9.52E-3
587732134303629777	153.94994799	47.11991348	0.140149	0.016996
588013381661426251	154.09353498	47.03917621	0.337219	0.042396
587732134303629531	153.92830906	47.08332822	0.481976	0.094909
587732134303629919	154.04721833	47.14481134	0.147962	0.029397
587732134303629588	154.07192826	47.14023409	0.143788	0.022227
587732134303695432	154.14753416	47.20639752	0.254484	0.089078
587732134303630037	154.0011145	47.01776524	0.493495	0.091468
587732134303694864	154.09716188	47.19502088	0.033638	0.026357
587732134303630062	153.93036203	47.19377484	0.254162	0.060857
587732134303629950	154.09918481	47.1017242	0.215892	0.023677
587732134303629889	154.07765535	47.0594749	0.126342	0.097361
587732134303630080	154.00534916	47.13394589	0.412876	0.033159
587732134303695190	154.12722201	47.18120514	0.060626	0.098901
588013381661426500	154.10411391	47.03607304	0.12944	0.143032
587732134303629410	153.96368697	47.03285647	0.064267	0.021456
587732134303695151	154.10603308	47.16259967	0.050924	0.037393
587732134303629836	154.06012412	47.03101821	0.170077	0.029792
587732134303629372	154.05549851	47.08968101	0.228061	0.123023
587732134303629863	154.01432727	47.13208002	0.073733	0.042078
587732134303629548	153.91828401	47.20199164	0.128199	0.022533
587732134303630129	154.08305894	47.1200637	0.14349	0.051621
587732134303629899	154.08785201	47.06128706	0.30659	0.090861
587732134303629910	154.03679002	47.15443888	0.17922	0.139173
587732134303629437	153.9238329	47.197264	0.074117	0.037253
587732134303630127	154.09031153	47.10743719	0.342823	0.115501
587732134303629990	154.14093851	47.09079278	0.492928	0.133103
587732134303629570	153.99877901	47.16701669	0.117118	0.034813
587732134303694867	154.09186831	47.19613336	0.322909	0.157127
587732134303564328	153.92334771	47.06240543	0.115267	0.051167
587732134303629581	154.04352942	47.13696346	0.096624	0.042729
587732134303695413	154.1430256	47.18603571	0.123426	0.023883
587732134303629937	154.02269202	47.20280492	0.408792	0.029933
587732134303695396	154.14448572	47.15524699	0.104817	0.040451
587732134303629865	153.98144422	47.18175395	0.147092	0.124444
588013381661491559	154.17017327	47.02718573	0.273663	0.086112
587732134303630030	153.95622495	47.06202148	0.120139	0.089448
587732134303629667	154.04856378	47.04585389	0.238033	0.067805
588013381661491561	154.16928463	47.02617606	0.174051	0.105919
587732134303695605	154.17053757	47.13593725	0.606537	0.110537
588013381661491383	154.17200344	47.03928693	0.304517	0.034037
587732134303630067	153.93144882	47.2078787	0.100409	0.047268
587732134303629508	154.12606396	47.10422027	0.081319	0.027784
587732134303629816	154.00586498	47.10274185	0.265653	0.115654
587732134303630145	154.10369638	47.12821113	0.217686	0.108487
587732134303629743	153.91243806	47.11300641	0.161532	0.030192
587732134303695044	154.07882811	47.20639908	0.220565	0.014677
587732484888265250	154.17569135	47.03140297	0.244423	0.182014
587732134303629370	154.05665651	47.07988443	0.285522	0.131168
587732134303629597	154.15368823	47.06900639	0.160383	0.023607
587732134303629829	154.0577578	47.03369372	0.24931	0.037714
587732484888265012	154.17901124	47.03593367	0.13751	0.093127
587732134303629537	153.98552105	47.04468934	0.125878	0.037498
587732134303629800	153.94051898	47.17980361	0.106849	0.078043
587732134303630312	154.03554334	47.10828673	0.32023	0.199356
588013381661426490	154.10709785	47.02155598	0.248277	0.098739
587732134303630294	153.96733202	47.14764875	0.239829	0.111451
587732134303629485	154.10952622	47.05959063	0.360842	0.159167
587732134303629906	154.06163205	47.10837796	0.123089	0.034959
587732134303695712	154.15792873	47.12347179	0.148563	0.099867
588013381661426539	154.1326646	47.0419827	0.108646	0.043406
587732134303629472	154.0386617	47.15051649	0.163026	0.012709
588013381661491578	154.16050141	47.07265211	0.321638	0.076926
587732134303564523	153.94433928	47.02900163	0.507524	0.024763
587732134303695230	154.18439734	47.15281035	0.170582	0.164264
587732134303630073	153.99606852	47.13182534	0.287065	0.022483
587732134303695393	154.18719202	47.08339523	0.080306	0.046972
588013381661426167	154.01946436	47.02614311	0.103782	0.049563
587732134303695588	154.11446195	47.15587851	0.412935	0.178135
587732134303629804	153.97416208	47.13086221	0.13921	0.034422
587732134303695146	154.09145362	47.17972714	0.092118	0.100723
587732134303629391	154.01667698	47.21080392	0.524596	0.111742
587732134303630252	154.1373293	47.06744103	0.309822	0.104998
587732134303629799	153.9277525	47.19817173	0.112496	0.040017
587732134303630144	154.06780075	47.18237222	0.154571	0.120632
587732134303695195	154.11681766	47.20546384	0.297418	0.22657
587732134303694866	154.09384232	47.20360747	0.708377	0.09149
587732134303629687	154.12133388	47.0902205	0.027037	0.013947
587732134303695206	154.14615724	47.17362968	0.148293	0.022446
587732134303630039	153.9305063	47.12850993	0.340958	0.115864
587732134303630092	154.002976	47.1671909	0.242959	0.079354
587732134303629991	154.09932644	47.15926443	0.238833	0.031683
587732134303564320	153.93818776	47.03124922	0.354992	0.024822
588013381661426478	154.07786328	47.03638905	0.299647	0.098379
587732134303629462	154.02900873	47.13682695	0.160121	0.01122
587732134303694855	154.10625437	47.1475918	0.087341	0.16605
587732134303629448	154.05612709	47.05520486	0.150318	0.012941
587732134303629446	153.98819012	47.151923	0.242973	0.100703
588013381661426211	154.06019596	47.03102019	0.162552	0.138604
587732134303629677	154.03722894	47.11944739	0.244148	0.041484
587732134303629483	154.11025782	47.05836129	0.154701	0.014838
587732134303629900	154.01482873	47.17251395	0.395798	0.026947
587732134303630245	154.11070472	47.06242986	0.585806	0.03565
587732134303630058	153.94146524	47.16809112	0.197215	0.119312
587732134303630180	153.92389691	47.06933079	0.614307	0.188607
587732134303695582	154.1137355	47.1283636	0.801099	0.064717
587732134303629776	153.94815077	47.11776694	0.060362	0.038854
587732134303629766	153.92072255	47.14788522	0.047388	0.034928
588013381661426560	154.13697163	47.05985634	0.423143	0.070046
587732134303629647	154.02222858	47.01890232	0.197355	0.030721
587732134303694861	154.092051	47.20571357	0.473717	0.03739
587732134303695267	154.18854807	47.19837194	0.080468	0.046723
587732134303629534	153.94661094	47.08545041	0.17252	0.019004
587732134303629887	154.08839642	47.04138781	0.060171	0.047
587732134303564039	153.92572475	47.05051225	0.126922	0.033647
587732134303695168	154.16600434	47.0978311	0.335269	0.029403
587732134303630103	154.02302646	47.15581937	0.172521	0.177879
588013381661491609	154.19096049	47.06014422	0.054392	0.087034
587732134303630311	154.00062921	47.14108789	0.452463	0.172195
587732484888265261	154.19192921	47.02382507	0.11425	0.026823
587732134303630226	153.98145561	47.17423988	0.205773	0.17635
588013381661426311	154.17017833	47.0272115	0.283338	0.047762
587732134303630295	153.95679596	47.1772667	0.161726	0.11768
587732134303695437	154.16943917	47.17925514	0.256472	0.124993
587732134303695714	154.17053206	47.20804243	0.327701	0.156522
587732134303629878	154.00250266	47.16100134	9.742E-3	0.033924
587732134303630110	154.02633226	47.16609304	0.517344	0.030192
587732134303629509	154.12606396	47.10422026	0.077101	0.025783
587732134303629916	154.00586344	47.20911633	0.457402	0.116646
587732134303629482	154.10337235	47.06481557	0.084177	0.022873
587732134303630060	153.95985011	47.14525172	0.419149	0.084943
588013381661426216	154.05654018	47.0396734	0.035253	0.03263
588013381661425955	154.15365529	47.06901251	0.150954	0.026466
587732134303564271	153.91232841	47.02115871	0.188186	0.0278
587732134303629971	154.07874837	47.14901486	0.159353	0.058705
588013381661426182	154.03391813	47.03174915	0.279029	0.043076
587732134303629536	153.98552105	47.04468933	0.127622	0.036137
587732484888265253	154.17763839	47.02908971	0.072734	0.095229
587732134303629709	153.94051087	47.02813757	0.132409	0.015151
588013381661426491	154.10709779	47.02155597	0.240745	0.10183
587732134303629558	153.96709712	47.15450538	0.191699	0.014181
587732134303695367	154.10844534	47.14069188	0.215404	0.111157
588013381661426553	154.13249207	47.05185394	0.131073	0.058743
587732134303629818	153.96622914	47.16588607	0.147028	0.045301
587732134303630310	154.06152519	47.04703698	0.488209	0.188298
587732134303630227	154.03863938	47.0909965	0.180434	0.22919
588013381661491391	154.18420445	47.05137834	0.282008	0.01573
587732134303629350	153.99595661	47.11989414	0.054011	0.037668
588013381661491468	154.1871289	47.07737774	0.224495	0.039111
587732134303629958	154.11425413	47.08035052	0.060982	0.042669
587732134303629842	153.99349479	47.1367538	0.387441	0.033689
588013381661425943	154.13720048	47.03896897	0.068935	0.042581
587732134303629323	153.97414219	47.01653518	0.534873	0.153848
587732134303629584	154.09144092	47.09436792	0.102918	0.032397
587732134303629630	153.92760382	47.05724899	0.255403	0.149704
587732134303629468	154.09232834	47.06729853	0.168427	0.011475
587732134303629324	153.97258779	47.02512956	0.230538	0.132863
587732134303629471	154.09354253	47.07135027	0.618993	0.062052
587732134303629744	153.9283301	47.08987355	0.160146	0.021193
588013381661426230	154.07231897	47.02666963	0.031327	0.01743
588013381661426145	154.00115917	47.01784586	0.226018	0.125288
587732134303629737	153.93405659	47.06752368	0.066628	0.046837
587732134303694860	154.09764349	47.20020718	0.477085	0.056644
587732134303630109	154.02745079	47.16299086	0.272634	0.096095
587732134303629827	153.95501638	47.18826117	0.558245	0.105763
587732134303629609	154.05138909	47.07168537	0.469048	0.015502
587732134303629464	154.03085872	47.13439764	0.144539	0.062554
587732134303695150	154.10172205	47.16899547	0.303347	0.087988
587732134303630218	154.05691717	47.02922711	0.250046	0.146568
587732134303629561	154.00764586	47.13750301	0.136163	0.018218
587732134303629336	153.94088424	47.17661471	0.061711	0.040971
587732134303629475	154.03582285	47.15736535	0.120213	0.027015
588013381661426304	154.15593346	47.02888421	0.063739	0.116275
587732134303629385	153.98957565	47.18907498	0.363225	0.217059
587732134303630157	154.10961564	47.14347725	0.152396	0.12891
588013381661426054	154.15839519	47.02451774	0.323006	0.142184
587732134303629961	154.04200051	47.19559613	0.078966	0.022086
587732134303694859	154.08956549	47.20553757	0.474105	0.155492
588013381661425951	154.18463661	47.01886523	0.228578	0.051085
587732134303630210	154.02014903	47.06063766	0.734928	0.065476
587732134303629821	154.01696945	47.09297219	0.140786	0.030488
587732134303695405	154.13772435	47.18417492	0.471529	0.049442
587732134303629653	153.95146615	47.14340916	-9999	-9999
587732134303629959	154.06819323	47.15265219	0.079098	0.024903
587732134303694955	154.16459088	47.17282254	0.089748	0.014225
587732134303629458	154.0182408	47.1412329	0.035985	0.084086
587732134303629948	154.11801357	47.06984991	0.181411	0.025433
587732134303630020	153.95324414	47.04086591	0.180647	0.058605
587732134303630156	154.09590316	47.16296789	0.476774	0.058954
587732134303629642	153.95265409	47.0742403	0.271913	0.122247
587732134303695382	154.11883901	47.1618293	0.253313	0.155992
587732134303629988	154.14544185	47.08067613	0.085502	0.044557
587732134303629689	154.07613485	47.16581531	0.212558	0.060971
587732134303695397	154.16986124	47.1172037	0.106413	0.082161
587732134303630041	153.98068952	47.05882979	0.235399	0.119451
587732134303629362	154.05024756	47.09524468	0.142618	0.085854
587732134303629769	153.95558039	47.09994193	0.060187	0.035373
588013381661491385	154.17337538	47.03803476	0.25949	0.178418
587732134303629747	153.91536507	47.11708513	0.086603	0.043115
588013381661426496	154.10230356	47.03390537	0.519038	0.045094
587732134303630095	154.0807714	47.05753623	0.366506	0.031571
587732134303564510	153.93931371	47.0125903	0.125683	0.082054
587732134303629478	154.03166664	47.16061801	0.147711	0.0334
587732134303629973	154.12859454	47.07451845	0.081252	0.070933
587732134303629782	153.96483426	47.11087313	0.118269	0.047037
587732134303629566	154.05971089	47.06870817	0.209663	0.02457
588013381661491562	154.17911654	47.01325245	0.272905	0.108665
588013381661491606	154.18016661	47.07678195	0.24808	0.106505
587732134303629363	154.05835843	47.07754247	0.467844	0.127219
587732134303629554	154.01300759	47.06558101	0.097539	0.023977
588013381661426512	154.10980852	47.04454115	0.17842	0.122756
587732134303694877	154.18375966	47.09591946	0.340881	0.155723
587732134303629329	153.96926455	47.01907316	0.305231	0.192739
587732134303629872	154.04483955	47.0932581	0.118002	0.035201
587732134303629934	154.0405136	47.1723623	0.129765	0.027771
587732134303695203	154.16088964	47.14803659	0.270926	0.137794
587732134303630043	153.97483334	47.07671201	0.157807	0.02952
587732134303629577	154.09173294	47.05527835	0.145541	0.02934
588013381661491298	154.16544997	47.07136047	0.120431	0.044525
587732134303630159	154.1185871	47.13190274	0.100914	0.041758
587732134303630198	153.97687273	47.07192763	0.346154	0.186293
588013381661425884	154.1203522	47.02843593	0.130394	0.032215
588013381661425938	154.1191331	47.05191144	0.079373	0.042078
587732134303629557	153.93445441	47.2008586	0.285417	0.023334
587732134303630152	154.10006693	47.14830051	0.362255	0.19938
587732134303564505	153.91025219	47.04972452	0.070455	0.032861
587732134303629909	154.10104503	47.05826567	0.063199	0.01488
587732134303695170	154.12226537	47.16633452	0.054365	0.02565
587732134303629328	153.98011298	47.02085809	0.398299	0.144152
587732134303695142	154.09928425	47.15927008	0.224517	0.025915
587732134303630086	154.07772744	47.03638951	0.229671	0.069979
587732134303695174	154.17360306	47.09307943	0.041978	0.023316
587732134303629960	154.10465593	47.09667396	0.071427	0.040084
587732134303695162	154.12779002	47.14629768	0.07612	0.034542
588013381661426212	154.06019568	47.03102015	0.128418	0.096365
587732134303629640	153.96375609	47.03869061	0.073339	0.042013
588013381661426501	154.10610016	47.03154456	0.494924	0.024572
587732134303695148	154.1527998	47.09105728	0.115428	0.03037
587732134303630132	154.03720736	47.1960069	0.647853	0.122534
587732134303630229	153.99234853	47.16668265	0.621819	0.1228
587732134303629578	154.08788629	47.06375704	0.150362	0.029531
587732134303629549	153.91828436	47.20199114	0.137803	0.026196
587732134303629963	154.08341338	47.13441066	0.057773	0.020491
587732134303630260	154.11364517	47.12838452	0.753438	0.066828
588013381661426290	154.14096015	47.03695947	0.081686	0.041968
587732134303629547	153.92046603	47.18962982	0.149999	0.015228
587732134303695387	154.13686287	47.1432957	0.20341	0.055262
587732134303629717	153.92336448	47.06242614	0.092246	0.051391
587732134303629888	154.08839642	47.04138781	0.062921	0.047326
588013381661492233	154.16173373	47.03886547	0.191726	0.098899
587732134303630111	154.02200125	47.17312539	0.368665	0.149106
587732134303630249	154.09193461	47.1188194	0.756703	0.14563
587732134303695008	154.18898688	47.14519316	0.682896	0.092331
587732134303629844	154.04358245	47.06257057	0.282802	0.064778
587732134303564511	153.92539348	47.03714445	0.198443	0.137021
587732134303630087	154.06998436	47.04839026	0.160773	0.095919
587732134303695215	154.16578144	47.15326663	0.15338	0.041934
587732134303695225	154.14456484	47.19997593	0.114313	0.01997
587732134303629851	154.02287321	47.09934814	0.017304	0.078609
588013381661491607	154.19096037	47.06014421	0.051962	0.106245
587732134303629805	153.95634352	47.16282092	0.130774	0.120732
587732134303629364	154.04856445	47.09691221	0.348182	0.065196
588013381661426313	154.16928498	47.02620628	0.201083	0.11325
587732134303629864	153.98144422	47.18175395	0.123728	0.073227
588013381661426312	154.17017815	47.02721148	0.273059	0.032592