objID	ra	dec	z	zErr
587739296162709586	168.64283	34.691166	0.206738	1.37011E-4
587739408386818272	168.30374	34.871218	0.512008	2.4209E-4
587739408386819113	168.40496	34.785278	-9999	-9999
587739296699580499	168.65014	34.972033	0.04279	1.92561E-4
587739408386949281	168.76468	34.84529	0.472819	1.8072E-4
587739296162644140	168.54106	34.727282	0.029238	4.34633E-5
587739296699514996	168.39102	35.016353	0.079215	7.78946E-5
587739408386949177	168.65494	34.947596	-4.79064E-4	7.51997E-5
587739296162578631	168.31733	34.672322	0.395972	1.97658E-4
587739408386818244	168.27253	34.868062	3.64156	9.15861E-4
587739408386949239	168.69788	34.950098	0.106547	1.45108E-4
587739296699646111	168.79737	35.005384	0.080493	1.86843E-4
587739408386818169	168.27597	34.821186	0.117616	9.84111E-5
587739408386688041	167.97372	34.701462	-9999	-9999
587739408386687112	167.95298	34.739734	0.396388	1.69387E-4
587739408386687091	168.03481	34.804962	0.242192	1.45226E-4
587739296162513081	168.11722	34.667061	0.160252	1.87647E-4
587739408386687044	167.90304	34.797497	0.072041	7.89017E-5
587739408386752685	168.15948	34.863791	0.390146	1.81975E-4
587739296699318290	167.87876	34.867601	0.382615	3.67769E-3
587739296162578531	168.26759	34.665528	0.248963	1.36255E-4
587739296699318336	167.8458	34.95164	0.155471	1.6849E-4
587739408386752657	168.18036	34.811045	0.079397	1.50606E-4
587739296699449487	168.20057	35.033647	0.389794	1.94005E-4
587739408386752602	168.16155	34.777517	1.95583	2.38305E-3
587739296699252955	167.80075	34.86021	0.384307	2.11028E-4
587739408386556982	167.58972	34.671942	-9999	-9999
587739296699187441	167.57983	34.944387	0.2453	1.70536E-4
587739408386555974	167.50661	34.786414	0.071589	1.74944E-4
587739296699252808	167.64057	34.874459	0.079757	8.90319E-5
587739296699252870	167.76779	34.916372	0.237633	1.48244E-4
587739408386556029	167.61293	34.721112	0.072205	1.58289E-4
587739408386621538	167.78138	34.767179	0.060539	1.54831E-4
587739296699252851	167.72583	34.940151	0.327192	1.46269E-4
587738615414194240	167.72935	35.003227	0.253321	1.35839E-4
587738615414128853	167.5621	34.984316	0.243034	1.54544E-4
587739296699252755	167.62539	34.980137	1.35712	1.56267E-3
587739296699187210	167.4539	34.899588	0.24567	1.50874E-4
587739296699056261	167.17604	34.766773	0.060016	1.79597E-4
587739408386425047	167.21822	34.702445	0.383891	1.60731E-4
587739296699187313	167.47023	34.913373	0.243632	1.63989E-4
587739296699187325	167.49456	34.918739	1.45154	1.90646E-3
587739408386424911	167.32451	34.682368	-7.28402E-5	9.44176E-5
587739408386490615	167.45314	34.725815	-10E-5	2.31084E-3
587738615413997617	167.20531	34.979549	0.224367	1.54483E-4
587739408386491783	167.40488	34.67412	-9999	-9999
587739296699121819	167.38408	34.893867	0.247066	1.64599E-4
587738615950934126	167.25226	35.351859	0.073566	1.45231E-4
587738615950934190	167.32744	35.411288	0.455732	2.02697E-4
587738615950934150	167.31966	35.391547	0.060508	1.50536E-4
587739096446337135	167.28555	35.233191	0.072794	8.48799E-5
587739096446337086	167.16864	35.096977	0.325577	1.56588E-4
587739096446337168	167.28797	35.159755	0.247993	2.01156E-4
587739096983273591	167.32391	35.642283	0.171337	1.49783E-4
587739096983273539	167.20783	35.707497	0.296605	1.40632E-4
587739096983273700	167.29471	35.731782	-2.95505E-4	1.59287E-4
587739097520145242	167.19213	35.950989	-9999	-9999
587738616487805122	167.24302	35.747893	0.332147	1.5148E-4
587739097520144467	167.21692	36.116615	0.027395	7.44087E-5
587738616487870558	167.28529	35.936841	0.134583	1.50285E-4
587739097520210016	167.35772	36.021745	0.9674	1.99682E-3
587738615950999574	167.37986	35.507192	1.00858	2.06683E-3
587738615951065296	167.62788	35.513697	0.446564	1.77252E-4
587739096446468954	167.59586	35.318219	-9999	-9999
587738615950934221	167.3368	35.468069	4.35967E-4	1.5636E-4
587738615951065183	167.6218	35.389105	0.236083	1.11372E-4
587738615951065272	167.65748	35.426453	0.075122	1.58883E-4
587738615951065231	167.69561	35.381593	0.102184	9.31991E-5
587739096446533825	167.69497	35.251302	0.070795	8.40199E-5
587739096446533725	167.68005	35.338462	0.071126	1.3478E-4
587738615950999749	167.53422	35.422482	0.051044	1.74428E-4
587739096446533722	167.70625	35.174813	0.103484	1.94252E-4
587739096446927020	168.78634	35.405474	0	0
587738615950999703	167.45483	35.431106	0.059944	1.51666E-4
587738615950999730	167.50487	35.351903	0.071594	1.70011E-4
587739096446468177	167.64429	35.222912	0.103547	1.80768E-4
587738615414194228	167.6559	35.138579	0.032009	9.03058E-5
587739096446468227	167.64095	35.28514	0.072601	1.41587E-4
587739096446468218	167.61	35.229474	0.103177	1.20985E-4
587738615414128878	167.6082	35.067379	0.300829	1.50559E-4
587738615414128746	167.43137	35.118017	0.027848	7.29958E-5
587739096983470093	167.7608	35.800859	0.636578	1.78979E-3
587738616488067191	167.85781	35.97817	0.330122	1.51241E-4
587738616487936206	167.59881	35.884164	0.308521	1.67738E-4
587739096983404546	167.59085	35.780658	-3.05179E-4	8.10049E-5
587739096983470251	167.86374	35.62461	0.451032	1.79568E-4
587739097520209991	167.38394	36.157517	0.073376	9.1301E-5
587739096983470092	167.7833	35.671454	1.62606	2.39513E-3
587739096983339095	167.54606	35.672006	1.30028	1.83275E-3
587739097520275482	167.56716	36.09594	0.384435	1.64612E-3
587738615951196371	167.92338	35.591195	0.448713	2.64598E-4
587738616488001549	167.62925	35.890529	0.230686	1.50823E-4
587738616488001659	167.65707	35.974056	0.070162	7.97062E-5
587739097520276525	167.5904	36.004765	-9999	-9999
587738615951196206	168.02895	35.461444	0.906733	2.02307E-3
587739096446664838	168.10854	35.430947	2.78434	3.73322E-3
587738615951196360	168.0595	35.476875	0.452917	2.40218E-4
587738615951065195	167.60768	35.541818	0.030707	7.60976E-5
587739096446599217	167.82742	35.384804	0.025258	1.24081E-4
587738615951130702	167.76208	35.432615	0.060612	1.09251E-4
587738615951196288	167.94184	35.550591	0.061141	1.40378E-4
587738615951196190	167.99936	35.440604	0.023412	1.59034E-4
587738615951196200	168.00575	35.47704	0.024511	1.64449E-4
587738615951196304	167.98004	35.496472	0.026865	1.33639E-4
587739096446599274	167.97894	35.33054	0.103326	1.41908E-4
587739096446599172	167.85919	35.256012	1.54508	2.21138E-3
587739096446533775	167.79047	35.265707	0.061736	8.79463E-5
587738615414259851	167.86107	35.155967	4.11842	1.79207E-3
587738615414259886	167.95096	35.162912	0.418976	2.09278E-4
587739096446533661	167.72533	35.34165	1.23135E-4	8.88986E-5
587739096446664791	168.04069	35.397795	0.142219	1.4046E-4
587738615414259801	167.79175	35.157091	0.179998	1.51729E-4
587739096446533684	167.77195	35.243597	0.05891	1.625E-4
587739096446600150	167.88519	35.400925	-9999	-9999
587739096983666902	168.37425	35.874897	0.380592	1.99783E-4
587738616488067153	167.95336	35.869801	0.183841	1.92991E-4
587738616488198328	168.35772	35.940666	0.158936	1.47245E-4
587738616488263759	168.38403	35.984521	0.078542	2.03209E-4
587738616488198303	168.30695	36.015662	0.080198	1.64318E-4
587738615951458312	168.64411	35.578136	-1.68111E-4	7.12167E-5
587739096983666920	168.46171	35.878243	0.380213	1.66535E-4
587739096983666855	168.41323	35.760043	0.073357	8.48692E-5
587738616488132676	167.99876	36.037466	0.061086	1.69037E-4
587738616488067103	167.96559	35.913281	2.02349	1.24526E-3
587738615951261833	168.19088	35.650491	0.143309	6.26283E-5
587738615951327339	168.30377	35.650409	0.107296	1.369E-4
587739096983667867	168.29239	35.86155	-9999	-9999
587738615951392801	168.47813	35.593477	-7.165E-4	1.82796E-3
587738616488198262	168.23333	35.893028	0.079498	7.98548E-5
587738616488132616	168.03381	35.878865	0.029096	7.41973E-5
587739096983666938	168.37908	35.751062	0.458877	2.21948E-4
587738615951261845	168.21687	35.640922	0.025326	1.15679E-4
587739096446861414	168.71355	35.502269	0.021488	1.70614E-4
587738615951261941	168.1246	35.493326	0.078609	1.95135E-4
587738615951196331	168.08783	35.467761	0.024334	1.65666E-4
587738615951261779	168.12155	35.45995	0.102655	1.30407E-4
587739096983928862	169.06529	35.974969	0.447078	2.38108E-3
587739096983928920	169.09069	35.97414	0.087174	9.23984E-5
587739096983928923	169.09696	35.957053	0.04255	1.68529E-4
587738616488525909	169.09875	36.063361	0.135837	1.50561E-4
587739096983732345	168.5976	35.827693	3.18037	8.42443E-4
587738616488263819	168.45165	36.007419	0.076923	1.89736E-4
587739096983797849	168.6777	35.821212	0.104444	9.64185E-5
587739096983797891	168.79736	35.928744	0.061529	9.87529E-5
587739096983732310	168.49063	35.784173	0.078894	1.39835E-4
587738616488395731	168.70492	36.154325	-9999	-9999
587739096983797885	168.81931	35.819081	0.104705	1.84269E-4
587738616488394887	168.83768	36.136399	0.234059	5.16545E-5
587738616488394884	168.84957	36.006744	0.258387	1.32584E-4
587739096983863377	168.89762	35.813306	0.079287	2.14076E-4
587739096983797855	168.68479	35.936147	0.025036	8.32412E-5
587739096983666859	168.41523	35.807378	0.157942	1.57865E-4
587738616488198219	168.27971	36.050405	0.072386	2.24343E-4
587738615951327340	168.31244	35.651374	0.158519	1.764E-4
587738616488198258	168.21496	35.917164	0.079897	1.81968E-4
587738616488198288	168.28549	35.964975	0.072174	6.90783E-5
587739097520537740	168.31266	36.156168	0.079794	1.74695E-4
587738616488198301	168.30525	36.011149	0.07788	1.51454E-4
587738616488198254	168.19939	35.948012	0.080036	1.36219E-4
587738616488198334	168.32728	36.084774	0.07995	1.55235E-4
587738616488198234	168.32895	35.982098	0.973035	1.42641E-3
587739096983666852	168.38065	35.88777	0.024987	9.64797E-5
587739096983601236	168.25483	35.764632	-2.37627E-4	6.7004E-5
587739097520538616	168.24691	36.125553	-9999	-9999
587739096983601157	168.16297	35.657843	0.635654	1.29095E-3
587739097520342130	167.80243	36.085772	-9999	-9999
587738616488001660	167.657	35.972212	0.071428	8.54112E-5
587738616488001552	167.62907	35.925247	1.44799	1.45081E-3
587738616488067152	167.95413	35.868028	0.181253	1.65874E-4
587739096983470165	167.82414	35.658984	0.090198	1.56848E-4
587738616487936152	167.57212	35.795344	0.090199	4.28704E-5
587739096983470147	167.78016	35.646317	0.076192	9.06005E-5
587739096983470126	167.86404	35.657883	-3.93069E-4	1.11779E-4
587738616487936202	167.5834	35.887814	0.333347	1.63708E-4
587738616488067120	167.81951	35.953213	0.229505	1.08354E-3
587738616488001554	167.62693	35.943911	0.027657	9.84748E-5
587738616487936121	167.50238	35.849438	-7.3995E-5	8.28938E-5
587739096983404669	167.73682	35.652021	0.031536	4.98542E-4
587738616487870510	167.32278	35.793259	0.331521	1.52966E-4
587739097520275594	167.48958	36.138117	0.352064	1.77992E-4
587739097520275605	167.54778	36.064904	0.386671	1.69664E-4
587739097520209929	167.31701	36.021086	0.021324	1.90405E-4
587739097520144455	167.19551	36.113267	0.02726	8.99844E-5
587739096983339089	167.5213	35.748469	1.87838	1.35546E-3
587739097520144423	167.2782	36.00738	1.30517	1.60493E-3
587739097520144420	167.23709	36.09939	0.027104	1.67501E-4
587739097520210041	167.39662	36.15682	0.137379	1.58286E-4
587738616487804982	167.25254	35.810158	0.331556	1.70495E-4
587738615414521967	168.52668	35.202448	0.388867	1.58661E-4
587738615951261709	168.12372	35.580495	1.32895	1.62141E-3
587739096446796699	168.46687	35.364471	-9999	-9999
587738615951261812	168.17822	35.561619	0.081098	1.62932E-4
587738615951392885	168.44392	35.563227	0.118152	1.02353E-4
587739096446730393	168.37445	35.416934	0.089439	1.45009E-4
587738615414521934	168.58244	35.232082	0.106807	1.27563E-4
587739096446730372	168.35004	35.313558	0.170072	9.47555E-4
587738615414521911	168.71095	35.163209	4.03963E-4	7.75198E-5
587738615414390839	168.25734	35.133619	0.06149	7.6252E-5
587739096446730369	168.36059	35.264149	-1.22958E-4	6.70645E-5
587738615414456449	168.45189	35.215374	0.158855	1.84828E-4
587739096446795850	168.53474	35.325183	0.077261	7.17343E-5
587738615414390788	168.20476	35.099799	-3.0054E-5	6.76117E-5
587739296699515042	168.47421	35.084033	7.41364E-5	2.78623E-5
587739296699646038	168.85374	35.07899	0.187993	1.85908E-4
587739408387145858	169.15971	34.951472	3.20445	6.81106E-4
587738615414718507	169.13853	35.306279	0.026419	1.65274E-4
587738615414587483	168.87219	35.182252	0.089328	1.57033E-4
587739296699711600	168.99441	35.102613	0.078135	1.65816E-4
587739296699711522	168.87243	35.106732	0.188682	1.78447E-4
587739296699777151	169.10605	35.171096	0	2.32286E-3
587739408387080362	169.05667	34.809103	0.312429	1.4504E-4
587739408387080302	169.00712	34.831553	0.08076	1.48147E-4
587739296699777938	169.09294	35.094264	-9999	-9999
587739408387080340	169.0801	34.978207	0.027643	9.25318E-5
587739296699711963	168.94651	35.072597	0.416549	2.35799E-4
587738615414718588	169.06835	35.274646	0.188908	1.67702E-4
587739296699711616	169.03578	35.133635	0.078902	1.82056E-4
587738615414653015	168.89891	35.255333	0.026914	2.32385E-4
587738615414653037	169.00137	35.340077	0.259443	1.59533E-4
587739296699711632	169.03848	35.169343	0.078421	9.41041E-5
587739296162840684	169.10255	34.790344	-6.14798E-6	7.49588E-5
587738615414587489	168.87966	35.206322	0.088368	1.36155E-4
587739296699777127	169.07022	35.182648	0.026951	1.56776E-4
587739408387014794	168.94793	34.846332	0.138046	1.48962E-4
587738615414653005	168.87444	35.311164	0.060916	1.5101E-4
587739296162709570	168.60282	34.734189	0.084536	9.26029E-4
587739408386883669	168.42821	34.849283	0.102056	1.34718E-4
587739296699515884	168.44306	35.031771	-9999	-9999
587739408386818156	168.25922	34.764858	0.084638	8.93078E-5
587739296699646129	168.82612	35.037005	0.090291	1.32293E-4
587739296699449468	168.3179	34.986243	0.2585	1.77487E-4
587739408386883635	168.56026	34.756987	0.389587	1.99703E-4
587739408387014745	168.77499	34.921975	0.107276	1.6188E-4
587739408387014783	168.91477	34.816433	0.080452	1.43959E-4
587739296162775194	168.81098	34.736004	0.059517	1.7638E-4
587739408387014760	168.82489	34.891731	3.51431	7.1139E-4
587739408386818185	168.27071	34.881575	0.074116	1.39544E-4
587738615414456423	168.39891	35.107372	0.156128	1.13853E-4
587738615414587518	168.81561	35.163461	0.38871	2.0969E-4
587739296699449514	168.34128	34.964613	0.512457	2.54145E-4
587739296699514940	168.49892	35.051907	0.347753	1.65818E-3
587738615414390889	168.19324	35.200693	0.389934	2.42774E-4
587738615414390788	168.20476	35.099799	-4.60303E-5	6.97132E-5
587739096446861494	168.74514	35.342019	0.414357	2.15179E-4
587739096446730377	168.36814	35.26388	0.122329	5.64869E-5
587739296162840729	169.087	34.669473	0.078524	1.62474E-4
587739296162840762	169.02571	34.663263	0.398102	1.8681E-4
587739296162775221	168.86451	34.687311	0.118497	1.36895E-4
587739296162775209	168.83543	34.664741	0.071613	9.74795E-5
587739096983666837	168.36587	35.880589	0.082543	2.3062E-4
587739096446861460	168.59329	35.442956	0.185886	1.62374E-4
587738615951327391	168.25864	35.659647	0.381982	2.4803E-4
587738615951261825	168.2072	35.554343	0.08016	1.76123E-4
587738615951458353	168.6889	35.643694	1.01482	2.97546E-3
587738615951261917	168.18956	35.644174	1.06603	2.20237E-3
587739096983666726	168.39421	35.704299	0.107726	1.48595E-4
587739096446927021	168.77661	35.527411	0.100338	1.64471E-4
587738615951196320	168.07572	35.449888	0.024961	1.67038E-4
587738615951261811	168.18327	35.565803	0.079116	1.79762E-4
587739096446861415	168.71838	35.489017	0.026876	1.77329E-4
587739096446927068	168.79219	35.447505	0.294115	1.42435E-4
587739096446927030	168.86887	35.387399	0.106116	1.58244E-4
587738615951327507	168.42863	35.484068	5.75953E-3	3.53578E-5
587738615951261846	168.21797	35.645521	0.448032	1.95329E-4
587739096446730336	168.24996	35.373844	0.860923	1.37022E-3
587738615951458368	168.77296	35.622629	8.80096E-6	7.20603E-5
587738615951328442	168.2645	35.583211	-9999	-9999
587739096983797877	168.76441	35.857261	0.025096	1.03218E-4
587738616488329355	168.66601	36.057068	0.106139	4.87723E-5
587739097520537771	168.39929	36.128751	0.077647	1.70834E-4
587738616488198302	168.30865	36.016622	0.078739	1.8037E-4
587738616488263789	168.38458	36.021005	0.077599	1.56848E-4
587738616488263831	168.46483	36.057462	0.081296	1.68818E-4
587738616488198296	168.30629	35.994488	0.080377	1.62415E-4
587739097520537736	168.3112	36.151059	0.079346	8.091E-5
587739096983863443	168.9628	35.869348	4.24383	7.15296E-4
587738615951590523	169.02658	35.659439	-9999	-9999
587739096446992532	169.00694	35.412026	0.335435	1.71003E-4
587739096983928909	169.08781	35.819847	3.27793	8.415E-4
587739096446927007	168.93517	35.428361	0.028954	1.56819E-4
587739096446992565	169.09406	35.445564	0.266387	1.79662E-4
587739096446926967	168.84137	35.502015	0.021248	1.83301E-4
587739096983928856	169.08919	35.844944	-4.79711E-4	7.34715E-5
587739096446927044	168.87635	35.537668	0.100958	1.36798E-4
587738615951589518	169.08816	35.670644	0.07898	8.14475E-5
587738615951589410	169.09245	35.612402	0.026927	1.90474E-4
587739096983863412	168.94951	35.960798	0.077916	1.6428E-4